0.000000e+00  1.855000e+00
1.570796e-02  1.854998e+00
3.141593e-02  1.854986e+00
4.712389e-02  1.854951e+00
6.283185e-02  1.854884e+00
7.853981e-02  1.854774e+00
9.424778e-02  1.854610e+00
1.099557e-01  1.854382e+00
1.256637e-01  1.854078e+00
1.413717e-01  1.853690e+00
1.570796e-01  1.853205e+00
1.727876e-01  1.852615e+00
1.884956e-01  1.851909e+00
2.042035e-01  1.851077e+00
2.199115e-01  1.850111e+00
2.356194e-01  1.849000e+00
2.513274e-01  1.847735e+00
2.670354e-01  1.846308e+00
2.827433e-01  1.844710e+00
2.984513e-01  1.842932e+00
3.141593e-01  1.840967e+00
3.298672e-01  1.838807e+00
3.455752e-01  1.836444e+00
3.612831e-01  1.833871e+00
3.769911e-01  1.831081e+00
3.926991e-01  1.828068e+00
4.084070e-01  1.824825e+00
4.241150e-01  1.821348e+00
4.398230e-01  1.817630e+00
4.555309e-01  1.813668e+00
4.712389e-01  1.809456e+00
4.869469e-01  1.804990e+00
5.026548e-01  1.800267e+00
5.183628e-01  1.795284e+00
5.340707e-01  1.790037e+00
5.497787e-01  1.784526e+00
5.654867e-01  1.778747e+00
5.811946e-01  1.772701e+00
5.969026e-01  1.766386e+00
6.126106e-01  1.759802e+00
6.283185e-01  1.752949e+00
6.440265e-01  1.745828e+00
6.597344e-01  1.738442e+00
6.754424e-01  1.730791e+00
6.911504e-01  1.722878e+00
7.068583e-01  1.714706e+00
7.225663e-01  1.706280e+00
7.382743e-01  1.697602e+00
7.539822e-01  1.688679e+00
7.696902e-01  1.679515e+00
7.853981e-01  1.670117e+00
8.011061e-01  1.660491e+00
8.168141e-01  1.650644e+00
8.325220e-01  1.640584e+00
8.482300e-01  1.630319e+00
8.639380e-01  1.619860e+00
8.796459e-01  1.609214e+00
8.953539e-01  1.598393e+00
9.110619e-01  1.587407e+00
9.267698e-01  1.576268e+00
9.424778e-01  1.564988e+00
9.581857e-01  1.553580e+00
9.738937e-01  1.542056e+00
9.896017e-01  1.530432e+00
1.005310e+00  1.518721e+00
1.021018e+00  1.506938e+00
1.036726e+00  1.495100e+00
1.052434e+00  1.483223e+00
1.068141e+00  1.471324e+00
1.083849e+00  1.459420e+00
1.099557e+00  1.447530e+00
1.115265e+00  1.435672e+00
1.130973e+00  1.423865e+00
1.146681e+00  1.412131e+00
1.162389e+00  1.400488e+00
1.178097e+00  1.388959e+00
1.193805e+00  1.377564e+00
1.209513e+00  1.366327e+00
1.225221e+00  1.355269e+00
1.240929e+00  1.344413e+00
1.256637e+00  1.333785e+00
1.272345e+00  1.323407e+00
1.288053e+00  1.313305e+00
1.303761e+00  1.303504e+00
1.319469e+00  1.294030e+00
1.335177e+00  1.284908e+00
1.350885e+00  1.276166e+00
1.366593e+00  1.267830e+00
1.382301e+00  1.259929e+00
1.398009e+00  1.252489e+00
1.413717e+00  1.245540e+00
1.429425e+00  1.239110e+00
1.445133e+00  1.233229e+00
1.460841e+00  1.227925e+00
1.476549e+00  1.223229e+00
1.492256e+00  1.219170e+00
1.507964e+00  1.215780e+00
1.523672e+00  1.213089e+00
1.539380e+00  1.211128e+00
1.555088e+00  1.209928e+00
1.570796e+00  1.209521e+00
1.586504e+00  1.209938e+00
1.602212e+00  1.211213e+00
1.617920e+00  1.213376e+00
1.633628e+00  1.216460e+00
1.649336e+00  1.220498e+00
1.665044e+00  1.225523e+00
1.680752e+00  1.231566e+00
1.696460e+00  1.238662e+00
1.712168e+00  1.246843e+00
1.727876e+00  1.256141e+00
1.743584e+00  1.266590e+00
1.759292e+00  1.278224e+00
1.775000e+00  1.291074e+00
1.790708e+00  1.305175e+00
1.806416e+00  1.320558e+00
1.822124e+00  1.337257e+00
1.837832e+00  1.355305e+00
1.853540e+00  1.374734e+00
1.869248e+00  1.395577e+00
1.884956e+00  1.417866e+00
1.900664e+00  1.441633e+00
1.916371e+00  1.466911e+00
1.932079e+00  1.493731e+00
1.947787e+00  1.522124e+00
1.963495e+00  1.552123e+00
1.979203e+00  1.583757e+00
1.994911e+00  1.617057e+00
2.010619e+00  1.652054e+00
2.026327e+00  1.688778e+00
2.042035e+00  1.727258e+00
2.057743e+00  1.767523e+00
2.073451e+00  1.809602e+00
2.089159e+00  1.853523e+00
2.104867e+00  1.899314e+00
2.120575e+00  1.947002e+00
2.136283e+00  1.996614e+00
2.151991e+00  2.048176e+00
2.167699e+00  2.101713e+00
2.183407e+00  2.157251e+00
2.199115e+00  2.214814e+00
2.214823e+00  2.274426e+00
2.230531e+00  2.336110e+00
2.246239e+00  2.399888e+00
2.261947e+00  2.465782e+00
2.277655e+00  2.533813e+00
2.293363e+00  2.604001e+00
2.309071e+00  2.676366e+00
2.324779e+00  2.750926e+00
2.340486e+00  2.827700e+00
2.356194e+00  2.906704e+00
2.371902e+00  2.987955e+00
2.387610e+00  3.071467e+00
2.403318e+00  3.157256e+00
2.419026e+00  3.245335e+00
2.434734e+00  3.335716e+00
2.450442e+00  3.428412e+00
2.466150e+00  3.523432e+00
2.481858e+00  3.620788e+00
2.497566e+00  3.720486e+00
2.513274e+00  3.822536e+00
2.528982e+00  3.926943e+00
2.544690e+00  4.033714e+00
2.560398e+00  4.142853e+00
2.576106e+00  4.254364e+00
2.591814e+00  4.368248e+00
2.607522e+00  4.484507e+00
2.623230e+00  4.603142e+00
2.638938e+00  4.724151e+00
2.654646e+00  4.847532e+00
2.670354e+00  4.973282e+00
2.686062e+00  5.101397e+00
2.701770e+00  5.231870e+00
2.717478e+00  5.364695e+00
2.733186e+00  5.499864e+00
2.748894e+00  5.637367e+00
2.764601e+00  5.777194e+00
2.780309e+00  5.919334e+00
2.796017e+00  6.063772e+00
2.811725e+00  6.210495e+00
2.827433e+00  6.359488e+00
2.843141e+00  6.510733e+00
2.858849e+00  6.664212e+00
2.874557e+00  6.819906e+00
2.890265e+00  6.977794e+00
2.905973e+00  7.137854e+00
2.921681e+00  7.300064e+00
2.937389e+00  7.464397e+00
2.953097e+00  7.630829e+00
2.968805e+00  7.799332e+00
2.984513e+00  7.969878e+00
3.000221e+00  8.142437e+00
3.015929e+00  8.316977e+00
3.031637e+00  8.493467e+00
3.047345e+00  8.671872e+00
3.063053e+00  8.852157e+00
3.078761e+00  9.034287e+00
3.094469e+00  9.218222e+00
3.110177e+00  9.403925e+00
3.125885e+00  9.591355e+00
3.141593e+00  9.780471e+00
3.157301e+00  9.971228e+00
3.173009e+00  1.016358e+01
3.188716e+00  1.035749e+01
3.204424e+00  1.055291e+01
3.220132e+00  1.074978e+01
3.235840e+00  1.094807e+01
3.251548e+00  1.114771e+01
3.267256e+00  1.134866e+01
3.282964e+00  1.155086e+01
3.298672e+00  1.175426e+01
3.314380e+00  1.195881e+01
3.330088e+00  1.216445e+01
3.345796e+00  1.237111e+01
3.361504e+00  1.257875e+01
3.377212e+00  1.278730e+01
3.392920e+00  1.299670e+01
3.408628e+00  1.320689e+01
3.424336e+00  1.341781e+01
3.440044e+00  1.362938e+01
3.455752e+00  1.384155e+01
3.471460e+00  1.405425e+01
3.487168e+00  1.426742e+01
3.502876e+00  1.448097e+01
3.518584e+00  1.469485e+01
3.534292e+00  1.490898e+01
3.550000e+00  1.512330e+01
3.565708e+00  1.533772e+01
3.581416e+00  1.555218e+01
3.597124e+00  1.576661e+01
3.612831e+00  1.598092e+01
3.628539e+00  1.619504e+01
3.644247e+00  1.640890e+01
3.659955e+00  1.662242e+01
3.675663e+00  1.683552e+01
3.691371e+00  1.704812e+01
3.707079e+00  1.726014e+01
3.722787e+00  1.747151e+01
3.738495e+00  1.768213e+01
3.754203e+00  1.789194e+01
3.769911e+00  1.810084e+01
3.785619e+00  1.830876e+01
3.801327e+00  1.851562e+01
3.817035e+00  1.872132e+01
3.832743e+00  1.892579e+01
3.848451e+00  1.912894e+01
3.864159e+00  1.933068e+01
3.879867e+00  1.953094e+01
3.895575e+00  1.972962e+01
3.911283e+00  1.992665e+01
3.926991e+00  2.012192e+01
3.942699e+00  2.031537e+01
3.958407e+00  2.050690e+01
3.974115e+00  2.069642e+01
3.989823e+00  2.088385e+01
4.005531e+00  2.106910e+01
4.021239e+00  2.125209e+01
4.036946e+00  2.143272e+01
4.052654e+00  2.161092e+01
4.068362e+00  2.178659e+01
4.084070e+00  2.195965e+01
4.099778e+00  2.213000e+01
4.115486e+00  2.229757e+01
4.131194e+00  2.246227e+01
4.146902e+00  2.262401e+01
4.162610e+00  2.278271e+01
4.178318e+00  2.293828e+01
4.194026e+00  2.309063e+01
4.209734e+00  2.323968e+01
4.225442e+00  2.338535e+01
4.241150e+00  2.352755e+01
4.256858e+00  2.366620e+01
4.272566e+00  2.380121e+01
4.288274e+00  2.393251e+01
4.303982e+00  2.406001e+01
4.319690e+00  2.418363e+01
4.335398e+00  2.430329e+01
4.351106e+00  2.441891e+01
4.366814e+00  2.453040e+01
4.382522e+00  2.463771e+01
4.398230e+00  2.474073e+01
4.413938e+00  2.483941e+01
4.429646e+00  2.493365e+01
4.445354e+00  2.502340e+01
4.461061e+00  2.510856e+01
4.476769e+00  2.518908e+01
4.492477e+00  2.526488e+01
4.508185e+00  2.533589e+01
4.523893e+00  2.540203e+01
4.539601e+00  2.546325e+01
4.555309e+00  2.551946e+01
4.571017e+00  2.557062e+01
4.586725e+00  2.561664e+01
4.602433e+00  2.565748e+01
4.618141e+00  2.569305e+01
4.633849e+00  2.572332e+01
4.649557e+00  2.574820e+01
4.665265e+00  2.576766e+01
4.680973e+00  2.578162e+01
4.696681e+00  2.579004e+01
4.712389e+00  2.579285e+01
4.728097e+00  2.579002e+01
4.743805e+00  2.578148e+01
4.759513e+00  2.576719e+01
4.775221e+00  2.574710e+01
4.790929e+00  2.572117e+01
4.806637e+00  2.568934e+01
4.822345e+00  2.565158e+01
4.838053e+00  2.560785e+01
4.853761e+00  2.555811e+01
4.869469e+00  2.550231e+01
4.885176e+00  2.544043e+01
4.900884e+00  2.537243e+01
4.916592e+00  2.529828e+01
4.932300e+00  2.521794e+01
4.948008e+00  2.513140e+01
4.963716e+00  2.503862e+01
4.979424e+00  2.493958e+01
4.995132e+00  2.483426e+01
5.010840e+00  2.472263e+01
5.026548e+00  2.460469e+01
5.042256e+00  2.448040e+01
5.057964e+00  2.434976e+01
5.073672e+00  2.421276e+01
5.089380e+00  2.406939e+01
5.105088e+00  2.391963e+01
5.120796e+00  2.376348e+01
5.136504e+00  2.360094e+01
5.152212e+00  2.343200e+01
5.167920e+00  2.325667e+01
5.183628e+00  2.307494e+01
5.199336e+00  2.288683e+01
5.215044e+00  2.269234e+01
5.230752e+00  2.249147e+01
5.246460e+00  2.228425e+01
5.262168e+00  2.207067e+01
5.277876e+00  2.185077e+01
5.293584e+00  2.162455e+01
5.309291e+00  2.139203e+01
5.324999e+00  2.115324e+01
5.340707e+00  2.090821e+01
5.356415e+00  2.065695e+01
5.372123e+00  2.039950e+01
5.387831e+00  2.013588e+01
5.403539e+00  1.986614e+01
5.419247e+00  1.959030e+01
5.434955e+00  1.930840e+01
5.450663e+00  1.902049e+01
5.466371e+00  1.872661e+01
5.482079e+00  1.842679e+01
5.497787e+00  1.812109e+01
5.513495e+00  1.780955e+01
5.529203e+00  1.749223e+01
5.544911e+00  1.716917e+01
5.560619e+00  1.684044e+01
5.576327e+00  1.650609e+01
5.592035e+00  1.616618e+01
5.607743e+00  1.582077e+01
5.623451e+00  1.546992e+01
5.639159e+00  1.511370e+01
5.654867e+00  1.475218e+01
5.670575e+00  1.438543e+01
5.686283e+00  1.401352e+01
5.701991e+00  1.363652e+01
5.717699e+00  1.325451e+01
5.733406e+00  1.286757e+01
5.749114e+00  1.247578e+01
5.764822e+00  1.207921e+01
5.780530e+00  1.167796e+01
5.796238e+00  1.127211e+01
5.811946e+00  1.086174e+01
5.827654e+00  1.044695e+01
5.843362e+00  1.002783e+01
5.859070e+00  9.604470e+00
5.874778e+00  9.176964e+00
5.890486e+00  8.745410e+00
5.906194e+00  8.309908e+00
5.921902e+00  7.870556e+00
5.937610e+00  7.427458e+00
5.953318e+00  6.980716e+00
5.969026e+00  6.530436e+00
5.984734e+00  6.076725e+00
6.000442e+00  5.619691e+00
6.016150e+00  5.159443e+00
6.031858e+00  4.696094e+00
6.047566e+00  4.229756e+00
6.063274e+00  3.760544e+00
6.078982e+00  3.288572e+00
6.094690e+00  2.813959e+00
6.110398e+00  2.336821e+00
6.126106e+00  1.857280e+00
6.141814e+00  1.375456e+00
6.157521e+00  8.914698e-01
6.173229e+00  4.054460e-01
6.188937e+00  -8.249131e-02
6.204645e+00  -5.722169e-01
6.220353e+00  -1.063604e+00
6.236061e+00  -1.556526e+00
6.251769e+00  -2.050853e+00
6.267477e+00  -2.546457e+00
6.283185e+00  -3.043207e+00
6.298893e+00  -3.540972e+00
6.314601e+00  -4.039620e+00
6.330309e+00  -4.539020e+00
6.346017e+00  -5.039036e+00
6.361725e+00  -5.539536e+00
6.377433e+00  -6.040385e+00
6.393141e+00  -6.541447e+00
6.408849e+00  -7.042587e+00
6.424557e+00  -7.543669e+00
6.440265e+00  -8.044557e+00
6.455973e+00  -8.545112e+00
6.471681e+00  -9.045199e+00
6.487389e+00  -9.544678e+00
6.503097e+00  -1.004341e+01
6.518805e+00  -1.054127e+01
6.534513e+00  -1.103810e+01
6.550221e+00  -1.153377e+01
6.565929e+00  -1.202815e+01
6.581636e+00  -1.252109e+01
6.597344e+00  -1.301245e+01
6.613052e+00  -1.350211e+01
6.628760e+00  -1.398991e+01
6.644468e+00  -1.447573e+01
6.660176e+00  -1.495941e+01
6.675884e+00  -1.544084e+01
6.691592e+00  -1.591987e+01
6.707300e+00  -1.639636e+01
6.723008e+00  -1.687017e+01
6.738716e+00  -1.734118e+01
6.754424e+00  -1.780924e+01
6.770132e+00  -1.827423e+01
6.785840e+00  -1.873600e+01
6.801548e+00  -1.919442e+01
6.817256e+00  -1.964937e+01
6.832964e+00  -2.010070e+01
6.848672e+00  -2.054830e+01
6.864380e+00  -2.099202e+01
6.880088e+00  -2.143174e+01
6.895796e+00  -2.186733e+01
6.911504e+00  -2.229867e+01
6.927212e+00  -2.272562e+01
6.942920e+00  -2.314806e+01
6.958628e+00  -2.356587e+01
6.974336e+00  -2.397892e+01
6.990044e+00  -2.438710e+01
7.005751e+00  -2.479028e+01
7.021459e+00  -2.518834e+01
7.037167e+00  -2.558117e+01
7.052875e+00  -2.596864e+01
7.068583e+00  -2.635065e+01
7.084291e+00  -2.672708e+01
7.099999e+00  -2.709782e+01
7.115707e+00  -2.746276e+01
7.131415e+00  -2.782178e+01
7.147123e+00  -2.817479e+01
7.162831e+00  -2.852168e+01
7.178539e+00  -2.886234e+01
7.194247e+00  -2.919666e+01
7.209955e+00  -2.952456e+01
7.225663e+00  -2.984594e+01
7.241371e+00  -3.016068e+01
7.257079e+00  -3.046871e+01
7.272787e+00  -3.076993e+01
7.288495e+00  -3.106424e+01
7.304203e+00  -3.135157e+01
7.319911e+00  -3.163181e+01
7.335619e+00  -3.190490e+01
7.351327e+00  -3.217074e+01
7.367035e+00  -3.242925e+01
7.382743e+00  -3.268036e+01
7.398451e+00  -3.292400e+01
7.414159e+00  -3.316007e+01
7.429866e+00  -3.338853e+01
7.445574e+00  -3.360929e+01
7.461282e+00  -3.382229e+01
7.476990e+00  -3.402746e+01
7.492698e+00  -3.422474e+01
7.508406e+00  -3.441408e+01
7.524114e+00  -3.459541e+01
7.539822e+00  -3.476868e+01
7.555530e+00  -3.493384e+01
7.571238e+00  -3.509083e+01
7.586946e+00  -3.523961e+01
7.602654e+00  -3.538013e+01
7.618362e+00  -3.551235e+01
7.634070e+00  -3.563623e+01
7.649778e+00  -3.575174e+01
7.665486e+00  -3.585883e+01
7.681194e+00  -3.595747e+01
7.696902e+00  -3.604764e+01
7.712610e+00  -3.612930e+01
7.728318e+00  -3.620243e+01
7.744026e+00  -3.626702e+01
7.759734e+00  -3.632303e+01
7.775442e+00  -3.637045e+01
7.791150e+00  -3.640927e+01
7.806858e+00  -3.643948e+01
7.822566e+00  -3.646106e+01
7.838274e+00  -3.647402e+01
7.853981e+00  -3.647833e+01
7.869689e+00  -3.647402e+01
7.885397e+00  -3.646106e+01
7.901105e+00  -3.643948e+01
7.916813e+00  -3.640927e+01
7.932521e+00  -3.637045e+01
7.948229e+00  -3.632303e+01
7.963937e+00  -3.626702e+01
7.979645e+00  -3.620244e+01
7.995353e+00  -3.612930e+01
8.011061e+00  -3.604764e+01
8.026769e+00  -3.595747e+01
8.042477e+00  -3.585883e+01
8.058185e+00  -3.575174e+01
8.073893e+00  -3.563624e+01
8.089601e+00  -3.551235e+01
8.105309e+00  -3.538013e+01
8.121017e+00  -3.523961e+01
8.136725e+00  -3.509083e+01
8.152433e+00  -3.493384e+01
8.168141e+00  -3.476868e+01
8.183849e+00  -3.459541e+01
8.199557e+00  -3.441408e+01
8.215265e+00  -3.422475e+01
8.230973e+00  -3.402746e+01
8.246681e+00  -3.382229e+01
8.262389e+00  -3.360929e+01
8.278097e+00  -3.338853e+01
8.293804e+00  -3.316008e+01
8.309512e+00  -3.292400e+01
8.325220e+00  -3.268037e+01
8.340928e+00  -3.242926e+01
8.356636e+00  -3.217074e+01
8.372344e+00  -3.190490e+01
8.388052e+00  -3.163182e+01
8.403760e+00  -3.135157e+01
8.419468e+00  -3.106425e+01
8.435176e+00  -3.076993e+01
8.450884e+00  -3.046872e+01
8.466592e+00  -3.016069e+01
8.482300e+00  -2.984594e+01
8.498008e+00  -2.952457e+01
8.513716e+00  -2.919667e+01
8.529424e+00  -2.886234e+01
8.545132e+00  -2.852168e+01
8.560840e+00  -2.817480e+01
8.576548e+00  -2.782179e+01
8.592256e+00  -2.746276e+01
8.607964e+00  -2.709783e+01
8.623672e+00  -2.672709e+01
8.639380e+00  -2.635066e+01
8.655088e+00  -2.596865e+01
8.670796e+00  -2.558117e+01
8.686504e+00  -2.518835e+01
8.702212e+00  -2.479028e+01
8.717919e+00  -2.438711e+01
8.733627e+00  -2.397893e+01
8.749335e+00  -2.356588e+01
8.765043e+00  -2.314807e+01
8.780751e+00  -2.272562e+01
8.796459e+00  -2.229867e+01
8.812167e+00  -2.186734e+01
8.827875e+00  -2.143175e+01
8.843583e+00  -2.099203e+01
8.859291e+00  -2.054831e+01
8.874999e+00  -2.010071e+01
8.890707e+00  -1.964938e+01
8.906415e+00  -1.919443e+01
8.922123e+00  -1.873601e+01
8.937831e+00  -1.827423e+01
8.953539e+00  -1.780925e+01
8.969247e+00  -1.734119e+01
8.984955e+00  -1.687018e+01
9.000663e+00  -1.639636e+01
9.016371e+00  -1.591988e+01
9.032079e+00  -1.544085e+01
9.047787e+00  -1.495942e+01
9.063495e+00  -1.447573e+01
9.079203e+00  -1.398992e+01
9.094911e+00  -1.350212e+01
9.110619e+00  -1.301246e+01
9.126327e+00  -1.252110e+01
9.142034e+00  -1.202816e+01
9.157742e+00  -1.153378e+01
9.173450e+00  -1.103811e+01
9.189158e+00  -1.054128e+01
9.204866e+00  -1.004342e+01
9.220574e+00  -9.544687e+00
9.236282e+00  -9.045208e+00
9.251990e+00  -8.545121e+00
9.267698e+00  -8.044566e+00
9.283406e+00  -7.543678e+00
9.299114e+00  -7.042596e+00
9.314822e+00  -6.541456e+00
9.330530e+00  -6.040394e+00
9.346238e+00  -5.539545e+00
9.361946e+00  -5.039045e+00
9.377654e+00  -4.539029e+00
9.393362e+00  -4.039630e+00
9.409070e+00  -3.540981e+00
9.424778e+00  -3.043216e+00
9.440486e+00  -2.546466e+00
9.456194e+00  -2.050862e+00
9.471902e+00  -1.556535e+00
9.487610e+00  -1.063613e+00
9.503318e+00  -5.722260e-01
9.519026e+00  -8.250047e-02
9.534734e+00  4.054369e-01
9.550442e+00  8.914606e-01
9.566149e+00  1.375446e+00
9.581857e+00  1.857271e+00
9.597565e+00  2.336812e+00
9.613273e+00  2.813950e+00
9.628981e+00  3.288563e+00
9.644689e+00  3.760535e+00
9.660397e+00  4.229748e+00
9.676105e+00  4.696085e+00
9.691813e+00  5.159435e+00
9.707521e+00  5.619682e+00
9.723229e+00  6.076716e+00
9.738937e+00  6.530427e+00
9.754645e+00  6.980707e+00
9.770353e+00  7.427449e+00
9.786061e+00  7.870547e+00
9.801769e+00  8.309899e+00
9.817477e+00  8.745402e+00
9.833185e+00  9.176955e+00
9.848893e+00  9.604462e+00
9.864601e+00  1.002782e+01
9.880309e+00  1.044695e+01
9.896017e+00  1.086174e+01
9.911725e+00  1.127210e+01
9.927433e+00  1.167795e+01
9.943141e+00  1.207921e+01
9.958849e+00  1.247577e+01
9.974557e+00  1.286756e+01
9.990264e+00  1.325451e+01
1.000597e+01  1.363652e+01
1.002168e+01  1.401351e+01
1.003739e+01  1.438543e+01
1.005310e+01  1.475218e+01
1.006880e+01  1.511370e+01
1.008451e+01  1.546991e+01
1.010022e+01  1.582076e+01
1.011593e+01  1.616617e+01
1.013164e+01  1.650608e+01
1.014734e+01  1.684043e+01
1.016305e+01  1.716917e+01
1.017876e+01  1.749222e+01
1.019447e+01  1.780954e+01
1.021018e+01  1.812108e+01
1.022588e+01  1.842678e+01
1.024159e+01  1.872660e+01
1.025730e+01  1.902049e+01
1.027301e+01  1.930840e+01
1.028872e+01  1.959029e+01
1.030442e+01  1.986613e+01
1.032013e+01  2.013587e+01
1.033584e+01  2.039949e+01
1.035155e+01  2.065694e+01
1.036726e+01  2.090820e+01
1.038296e+01  2.115324e+01
1.039867e+01  2.139203e+01
1.041438e+01  2.162454e+01
1.043009e+01  2.185076e+01
1.044580e+01  2.207067e+01
1.046150e+01  2.228424e+01
1.047721e+01  2.249147e+01
1.049292e+01  2.269233e+01
1.050863e+01  2.288683e+01
1.052434e+01  2.307494e+01
1.054004e+01  2.325666e+01
1.055575e+01  2.343199e+01
1.057146e+01  2.360093e+01
1.058717e+01  2.376347e+01
1.060288e+01  2.391962e+01
1.061858e+01  2.406938e+01
1.063429e+01  2.421276e+01
1.065000e+01  2.434976e+01
1.066571e+01  2.448040e+01
1.068141e+01  2.460468e+01
1.069712e+01  2.472263e+01
1.071283e+01  2.483425e+01
1.072854e+01  2.493958e+01
1.074425e+01  2.503862e+01
1.075995e+01  2.513140e+01
1.077566e+01  2.521794e+01
1.079137e+01  2.529827e+01
1.080708e+01  2.537243e+01
1.082279e+01  2.544043e+01
1.083849e+01  2.550231e+01
1.085420e+01  2.555810e+01
1.086991e+01  2.560785e+01
1.088562e+01  2.565158e+01
1.090133e+01  2.568934e+01
1.091703e+01  2.572116e+01
1.093274e+01  2.574710e+01
1.094845e+01  2.576719e+01
1.096416e+01  2.578148e+01
1.097987e+01  2.579002e+01
1.099557e+01  2.579285e+01
1.101128e+01  2.579004e+01
1.102699e+01  2.578162e+01
1.104270e+01  2.576765e+01
1.105841e+01  2.574820e+01
1.107411e+01  2.572331e+01
1.108982e+01  2.569305e+01
1.110553e+01  2.565747e+01
1.112124e+01  2.561664e+01
1.113695e+01  2.557062e+01
1.115265e+01  2.551946e+01
1.116836e+01  2.546325e+01
1.118407e+01  2.540203e+01
1.119978e+01  2.533589e+01
1.121549e+01  2.526488e+01
1.123119e+01  2.518908e+01
1.124690e+01  2.510856e+01
1.126261e+01  2.502340e+01
1.127832e+01  2.493365e+01
1.129403e+01  2.483940e+01
1.130973e+01  2.474073e+01
1.132544e+01  2.463770e+01
1.134115e+01  2.453040e+01
1.135686e+01  2.441891e+01
1.137257e+01  2.430329e+01
1.138827e+01  2.418363e+01
1.140398e+01  2.406001e+01
1.141969e+01  2.393251e+01
1.143540e+01  2.380121e+01
1.145111e+01  2.366620e+01
1.146681e+01  2.352755e+01
1.148252e+01  2.338535e+01
1.149823e+01  2.323968e+01
1.151394e+01  2.309063e+01
1.152964e+01  2.293828e+01
1.154535e+01  2.278271e+01
1.156106e+01  2.262402e+01
1.157677e+01  2.246227e+01
1.159248e+01  2.229758e+01
1.160818e+01  2.213000e+01
1.162389e+01  2.195965e+01
1.163960e+01  2.178659e+01
1.165531e+01  2.161092e+01
1.167102e+01  2.143273e+01
1.168672e+01  2.125209e+01
1.170243e+01  2.106910e+01
1.171814e+01  2.088385e+01
1.173385e+01  2.069642e+01
1.174956e+01  2.050690e+01
1.176526e+01  2.031537e+01
1.178097e+01  2.012193e+01
1.179668e+01  1.992665e+01
1.181239e+01  1.972963e+01
1.182810e+01  1.953094e+01
1.184380e+01  1.933069e+01
1.185951e+01  1.912894e+01
1.187522e+01  1.892579e+01
1.189093e+01  1.872132e+01
1.190664e+01  1.851562e+01
1.192234e+01  1.830877e+01
1.193805e+01  1.810085e+01
1.195376e+01  1.789194e+01
1.196947e+01  1.768214e+01
1.198518e+01  1.747151e+01
1.200088e+01  1.726014e+01
1.201659e+01  1.704812e+01
1.203230e+01  1.683552e+01
1.204801e+01  1.662242e+01
1.206372e+01  1.640891e+01
1.207942e+01  1.619505e+01
1.209513e+01  1.598092e+01
1.211084e+01  1.576661e+01
1.212655e+01  1.555219e+01
1.214226e+01  1.533773e+01
1.215796e+01  1.512330e+01
1.217367e+01  1.490899e+01
1.218938e+01  1.469485e+01
1.220509e+01  1.448097e+01
1.222080e+01  1.426742e+01
1.223650e+01  1.405426e+01
1.225221e+01  1.384156e+01
1.226792e+01  1.362938e+01
1.228363e+01  1.341781e+01
1.229934e+01  1.320689e+01
1.231504e+01  1.299670e+01
1.233075e+01  1.278730e+01
1.234646e+01  1.257875e+01
1.236217e+01  1.237111e+01
1.237787e+01  1.216445e+01
1.239358e+01  1.195881e+01
1.240929e+01  1.175426e+01
1.242500e+01  1.155086e+01
1.244071e+01  1.134866e+01
1.245641e+01  1.114771e+01
1.247212e+01  1.094807e+01
1.248783e+01  1.074979e+01
1.250354e+01  1.055291e+01
1.251925e+01  1.035750e+01
1.253495e+01  1.016359e+01
1.255066e+01  9.971231e+00
1.256637e+01  9.780474e+00
1.258208e+01  9.591358e+00
1.259779e+01  9.403928e+00
1.261349e+01  9.218225e+00
1.262920e+01  9.034290e+00
1.264491e+01  8.852160e+00
1.266062e+01  8.671875e+00
1.267633e+01  8.493470e+00
1.269203e+01  8.316980e+00
1.270774e+01  8.142440e+00
1.272345e+01  7.969881e+00
1.273916e+01  7.799335e+00
1.275487e+01  7.630832e+00
1.277057e+01  7.464400e+00
1.278628e+01  7.300067e+00
1.280199e+01  7.137857e+00
1.281770e+01  6.977797e+00
1.283341e+01  6.819909e+00
1.284911e+01  6.664215e+00
1.286482e+01  6.510735e+00
1.288053e+01  6.359491e+00
1.289624e+01  6.210498e+00
1.291195e+01  6.063775e+00
1.292765e+01  5.919336e+00
1.294336e+01  5.777197e+00
1.295907e+01  5.637370e+00
1.297478e+01  5.499867e+00
1.299049e+01  5.364698e+00
1.300619e+01  5.231873e+00
1.302190e+01  5.101399e+00
1.303761e+01  4.973285e+00
1.305332e+01  4.847535e+00
1.306903e+01  4.724154e+00
1.308473e+01  4.603144e+00
1.310044e+01  4.484510e+00
1.311615e+01  4.368250e+00
1.313186e+01  4.254366e+00
1.314757e+01  4.142856e+00
1.316327e+01  4.033717e+00
1.317898e+01  3.926946e+00
1.319469e+01  3.822538e+00
1.321040e+01  3.720489e+00
1.322610e+01  3.620790e+00
1.324181e+01  3.523435e+00
1.325752e+01  3.428414e+00
1.327323e+01  3.335719e+00
1.328894e+01  3.245337e+00
1.330464e+01  3.157258e+00
1.332035e+01  3.071470e+00
1.333606e+01  2.987957e+00
1.335177e+01  2.906706e+00
1.336748e+01  2.827702e+00
1.338318e+01  2.750929e+00
1.339889e+01  2.676368e+00
1.341460e+01  2.604003e+00
1.343031e+01  2.533815e+00
1.344602e+01  2.465784e+00
1.346172e+01  2.399890e+00
1.347743e+01  2.336112e+00
1.349314e+01  2.274428e+00
1.350885e+01  2.214816e+00
1.352456e+01  2.157253e+00
1.354026e+01  2.101715e+00
1.355597e+01  2.048178e+00
1.357168e+01  1.996616e+00
1.358739e+01  1.947004e+00
1.360310e+01  1.899316e+00
1.361880e+01  1.853525e+00
1.363451e+01  1.809604e+00
1.365022e+01  1.767525e+00
1.366593e+01  1.727260e+00
1.368164e+01  1.688780e+00
1.369734e+01  1.652056e+00
1.371305e+01  1.617059e+00
1.372876e+01  1.583759e+00
1.374447e+01  1.552124e+00
1.376018e+01  1.522126e+00
1.377588e+01  1.493733e+00
1.379159e+01  1.466913e+00
1.380730e+01  1.441635e+00
1.382301e+01  1.417868e+00
1.383872e+01  1.395578e+00
1.385442e+01  1.374736e+00
1.387013e+01  1.355306e+00
1.388584e+01  1.337259e+00
1.390155e+01  1.320559e+00
1.391726e+01  1.305176e+00
1.393296e+01  1.291076e+00
1.394867e+01  1.278225e+00
1.396438e+01  1.266592e+00
1.398009e+01  1.256143e+00
1.399580e+01  1.246844e+00
1.401150e+01  1.238663e+00
1.402721e+01  1.231568e+00
1.404292e+01  1.225524e+00
1.405863e+01  1.220500e+00
1.407433e+01  1.216462e+00
1.409004e+01  1.213377e+00
1.410575e+01  1.211214e+00
1.412146e+01  1.209940e+00
1.413717e+01  1.209522e+00
1.415287e+01  1.209929e+00
1.416858e+01  1.211129e+00
1.418429e+01  1.213090e+00
1.420000e+01  1.215781e+00
1.421571e+01  1.219172e+00
1.423141e+01  1.223230e+00
1.424712e+01  1.227926e+00
1.426283e+01  1.233230e+00
1.427854e+01  1.239112e+00
1.429425e+01  1.245541e+00
1.430995e+01  1.252490e+00
1.432566e+01  1.259930e+00
1.434137e+01  1.267831e+00
1.435708e+01  1.276167e+00
1.437279e+01  1.284909e+00
1.438849e+01  1.294031e+00
1.440420e+01  1.303505e+00
1.441991e+01  1.313306e+00
1.443562e+01  1.323408e+00
1.445133e+01  1.333786e+00
1.446703e+01  1.344415e+00
1.448274e+01  1.355270e+00
1.449845e+01  1.366328e+00
1.451416e+01  1.377565e+00
1.452987e+01  1.388960e+00
1.454557e+01  1.400489e+00
1.456128e+01  1.412132e+00
1.457699e+01  1.423866e+00
1.459270e+01  1.435673e+00
1.460841e+01  1.447531e+00
1.462411e+01  1.459421e+00
1.463982e+01  1.471325e+00
1.465553e+01  1.483224e+00
1.467124e+01  1.495101e+00
1.468695e+01  1.506939e+00
1.470265e+01  1.518722e+00
1.471836e+01  1.530433e+00
1.473407e+01  1.542057e+00
1.474978e+01  1.553581e+00
1.476549e+01  1.564989e+00
1.478119e+01  1.576269e+00
1.479690e+01  1.587408e+00
1.481261e+01  1.598394e+00
1.482832e+01  1.609215e+00
1.484403e+01  1.619861e+00
1.485973e+01  1.630320e+00
1.487544e+01  1.640585e+00
1.489115e+01  1.650645e+00
1.490686e+01  1.660492e+00
1.492256e+01  1.670118e+00
1.493827e+01  1.679516e+00
1.495398e+01  1.688680e+00
1.496969e+01  1.697603e+00
1.498540e+01  1.706281e+00
1.500110e+01  1.714707e+00
1.501681e+01  1.722879e+00
1.503252e+01  1.730792e+00
1.504823e+01  1.738443e+00
1.506394e+01  1.745829e+00
1.507964e+01  1.752950e+00
1.509535e+01  1.759803e+00
1.511106e+01  1.766387e+00
1.512677e+01  1.772702e+00
1.514248e+01  1.778748e+00
1.515818e+01  1.784527e+00
1.517389e+01  1.790038e+00
1.518960e+01  1.795284e+00
1.520531e+01  1.800268e+00
1.522102e+01  1.804991e+00
1.523672e+01  1.809457e+00
1.525243e+01  1.813669e+00
1.526814e+01  1.817631e+00
1.528385e+01  1.821349e+00
1.529956e+01  1.824826e+00
1.531526e+01  1.828068e+00
1.533097e+01  1.831081e+00
1.534668e+01  1.833871e+00
1.536239e+01  1.836445e+00
1.537810e+01  1.838808e+00
1.539380e+01  1.840968e+00
1.540951e+01  1.842933e+00
1.542522e+01  1.844711e+00
1.544093e+01  1.846309e+00
1.545664e+01  1.847736e+00
1.547234e+01  1.849001e+00
1.548805e+01  1.850112e+00
1.550376e+01  1.851078e+00
1.551947e+01  1.851910e+00
1.553518e+01  1.852616e+00
1.555088e+01  1.853206e+00
1.556659e+01  1.853690e+00
1.558230e+01  1.854079e+00
1.559801e+01  1.854383e+00
1.561372e+01  1.854611e+00
1.562942e+01  1.854775e+00
1.564513e+01  1.854885e+00
1.566084e+01  1.854952e+00
1.567655e+01  1.854986e+00
1.569226e+01  1.854999e+00
