0.000000e+00  0.000000e+00
2.199115e-02  9.867186e-06
4.398230e-02  3.943972e-05
6.597345e-02  8.863058e-05
8.796459e-02  1.572948e-04
1.099557e-01  2.452299e-04
1.319469e-01  3.521756e-04
1.539380e-01  4.778148e-04
1.759292e-01  6.217737e-04
1.979203e-01  7.836222e-04
2.199115e-01  9.628744e-04
2.419026e-01  1.158990e-03
2.638938e-01  1.371373e-03
2.858849e-01  1.599375e-03
3.078761e-01  1.842295e-03
3.298672e-01  2.099380e-03
3.518584e-01  2.369826e-03
3.738495e-01  2.652778e-03
3.958407e-01  2.947335e-03
4.178318e-01  3.252546e-03
4.398230e-01  3.567416e-03
4.618141e-01  3.890903e-03
4.838053e-01  4.221922e-03
5.057964e-01  4.559348e-03
5.277876e-01  4.902012e-03
5.497787e-01  5.248708e-03
5.717699e-01  5.598192e-03
5.937610e-01  5.949184e-03
6.157522e-01  6.300370e-03
6.377433e-01  6.650404e-03
6.597345e-01  6.997909e-03
6.817256e-01  7.341479e-03
7.037168e-01  7.679682e-03
7.257079e-01  8.011061e-03
7.476991e-01  8.334135e-03
7.696902e-01  8.647403e-03
7.916813e-01  8.949346e-03
8.136725e-01  9.238427e-03
8.356636e-01  9.513094e-03
8.576548e-01  9.771784e-03
8.796459e-01  1.001292e-02
9.016371e-01  1.023493e-02
9.236282e-01  1.043622e-02
9.456194e-01  1.061519e-02
9.676105e-01  1.077026e-02
9.896017e-01  1.089984e-02
1.011593e+00  1.100233e-02
1.033584e+00  1.107615e-02
1.055575e+00  1.111974e-02
1.077566e+00  1.113152e-02
1.099557e+00  1.110994e-02
1.121549e+00  1.105347e-02
1.143540e+00  1.096059e-02
1.165531e+00  1.082979e-02
1.187522e+00  1.065961e-02
1.209513e+00  1.044858e-02
1.231504e+00  1.019528e-02
1.253495e+00  9.898322e-03
1.275487e+00  9.556326e-03
1.297478e+00  9.167964e-03
1.319469e+00  8.731939e-03
1.341460e+00  8.246991e-03
1.363451e+00  7.711901e-03
1.385442e+00  7.125492e-03
1.407434e+00  6.486633e-03
1.429425e+00  5.794237e-03
1.451416e+00  5.047268e-03
1.473407e+00  4.244738e-03
1.495398e+00  3.385715e-03
1.517389e+00  2.469319e-03
1.539380e+00  1.494727e-03
1.561372e+00  4.611760e-04
1.583363e+00  -6.320388e-04
1.605354e+00  -1.785559e-03
1.627345e+00  -2.999964e-03
1.649336e+00  -4.275765e-03
1.671327e+00  -5.613409e-03
1.693318e+00  -7.013274e-03
1.715310e+00  -8.475666e-03
1.737301e+00  -1.000082e-02
1.759292e+00  -1.158891e-02
1.781283e+00  -1.324001e-02
1.803274e+00  -1.495415e-02
1.825265e+00  -1.673125e-02
1.847256e+00  -1.857118e-02
1.869248e+00  -2.047373e-02
1.891239e+00  -2.243859e-02
1.913230e+00  -2.446539e-02
1.935221e+00  -2.655367e-02
1.957212e+00  -2.870289e-02
1.979203e+00  -3.091242e-02
2.001195e+00  -3.318156e-02
2.023186e+00  -3.550953e-02
2.045177e+00  -3.789544e-02
2.067168e+00  -4.033835e-02
2.089159e+00  -4.283721e-02
2.111150e+00  -4.539090e-02
2.133141e+00  -4.799821e-02
2.155133e+00  -5.065785e-02
2.177124e+00  -5.336843e-02
2.199115e+00  -5.612850e-02
2.221106e+00  -5.893651e-02
2.243097e+00  -6.179083e-02
2.265088e+00  -6.468975e-02
2.287079e+00  -6.763148e-02
2.309071e+00  -7.061415e-02
2.331062e+00  -7.363580e-02
2.353053e+00  -7.669438e-02
2.375044e+00  -7.978780e-02
2.397035e+00  -8.291386e-02
2.419026e+00  -8.607028e-02
2.441017e+00  -8.925472e-02
2.463009e+00  -9.246477e-02
2.485000e+00  -9.569794e-02
2.506991e+00  -9.895165e-02
2.528982e+00  -1.022233e-01
2.550973e+00  -1.055101e-01
2.572964e+00  -1.088094e-01
2.594956e+00  -1.121183e-01
2.616947e+00  -1.154339e-01
2.638938e+00  -1.187533e-01
2.660929e+00  -1.220734e-01
2.682920e+00  -1.253912e-01
2.704911e+00  -1.287035e-01
2.726902e+00  -1.320072e-01
2.748894e+00  -1.352990e-01
2.770885e+00  -1.385757e-01
2.792876e+00  -1.418339e-01
2.814867e+00  -1.450702e-01
2.836858e+00  -1.482813e-01
2.858849e+00  -1.514637e-01
2.880840e+00  -1.546139e-01
2.902832e+00  -1.577285e-01
2.924823e+00  -1.608038e-01
2.946814e+00  -1.638363e-01
2.968805e+00  -1.668224e-01
2.990796e+00  -1.697585e-01
3.012787e+00  -1.726410e-01
3.034779e+00  -1.754663e-01
3.056770e+00  -1.782306e-01
3.078761e+00  -1.809303e-01
3.100752e+00  -1.835617e-01
3.122743e+00  -1.861212e-01
3.144734e+00  -1.886052e-01
3.166725e+00  -1.910099e-01
3.188717e+00  -1.933316e-01
3.210708e+00  -1.955668e-01
3.232699e+00  -1.977118e-01
3.254690e+00  -1.997631e-01
3.276681e+00  -2.017169e-01
3.298672e+00  -2.035699e-01
3.320663e+00  -2.053183e-01
3.342655e+00  -2.069588e-01
3.364646e+00  -2.084878e-01
3.386637e+00  -2.099020e-01
3.408628e+00  -2.111979e-01
3.430619e+00  -2.123722e-01
3.452610e+00  -2.134216e-01
3.474601e+00  -2.143430e-01
3.496593e+00  -2.151330e-01
3.518584e+00  -2.157887e-01
3.540575e+00  -2.163068e-01
3.562566e+00  -2.166846e-01
3.584557e+00  -2.169189e-01
3.606548e+00  -2.170070e-01
3.628540e+00  -2.169462e-01
3.650531e+00  -2.167336e-01
3.672522e+00  -2.163668e-01
3.694513e+00  -2.158431e-01
3.716504e+00  -2.151602e-01
3.738495e+00  -2.143157e-01
3.760486e+00  -2.133074e-01
3.782478e+00  -2.121331e-01
3.804469e+00  -2.107908e-01
3.826460e+00  -2.092785e-01
3.848451e+00  -2.075944e-01
3.870442e+00  -2.057368e-01
3.892433e+00  -2.037041e-01
3.914424e+00  -2.014947e-01
3.936416e+00  -1.991073e-01
3.958407e+00  -1.965406e-01
3.980398e+00  -1.937934e-01
4.002389e+00  -1.908649e-01
4.024380e+00  -1.877540e-01
4.046371e+00  -1.844600e-01
4.068362e+00  -1.809823e-01
4.090354e+00  -1.773204e-01
4.112345e+00  -1.734739e-01
4.134336e+00  -1.694426e-01
4.156327e+00  -1.652264e-01
4.178318e+00  -1.608254e-01
4.200309e+00  -1.562397e-01
4.222301e+00  -1.514697e-01
4.244292e+00  -1.465159e-01
4.266283e+00  -1.413789e-01
4.288274e+00  -1.360594e-01
4.310265e+00  -1.305584e-01
4.332256e+00  -1.248770e-01
4.354247e+00  -1.190163e-01
4.376239e+00  -1.129777e-01
4.398230e+00  -1.067627e-01
4.420221e+00  -1.003731e-01
4.442212e+00  -9.381050e-02
4.464203e+00  -8.707698e-02
4.486194e+00  -8.017464e-02
4.508185e+00  -7.310572e-02
4.530177e+00  -6.587265e-02
4.552168e+00  -5.847798e-02
4.574159e+00  -5.092443e-02
4.596150e+00  -4.321486e-02
4.618141e+00  -3.535226e-02
4.640132e+00  -2.733981e-02
4.662123e+00  -1.918079e-02
4.684115e+00  -1.087866e-02
4.706106e+00  -2.437009e-03
4.728097e+00  6.140436e-03
4.750088e+00  1.484980e-02
4.772079e+00  2.368706e-02
4.794070e+00  3.264808e-02
4.816062e+00  4.172855e-02
4.838053e+00  5.092406e-02
4.860044e+00  6.023006e-02
4.882035e+00  6.964185e-02
4.904026e+00  7.915462e-02
4.926017e+00  8.876344e-02
4.948008e+00  9.846323e-02
4.970000e+00  1.082488e-01
4.991991e+00  1.181149e-01
5.013982e+00  1.280561e-01
5.035973e+00  1.380668e-01
5.057964e+00  1.481414e-01
5.079955e+00  1.582742e-01
5.101946e+00  1.684593e-01
5.123938e+00  1.786908e-01
5.145929e+00  1.889626e-01
5.167920e+00  1.992686e-01
5.189911e+00  2.096026e-01
5.211902e+00  2.199583e-01
5.233893e+00  2.303292e-01
5.255885e+00  2.407090e-01
5.277876e+00  2.510910e-01
5.299867e+00  2.614687e-01
5.321858e+00  2.718353e-01
5.343849e+00  2.821843e-01
5.365840e+00  2.925086e-01
5.387831e+00  3.028017e-01
5.409823e+00  3.130564e-01
5.431814e+00  3.232659e-01
5.453805e+00  3.334233e-01
5.475796e+00  3.435214e-01
5.497787e+00  3.535534e-01
5.519778e+00  3.635121e-01
5.541769e+00  3.733904e-01
5.563761e+00  3.831812e-01
5.585752e+00  3.928775e-01
5.607743e+00  4.024722e-01
5.629734e+00  4.119580e-01
5.651725e+00  4.213280e-01
5.673716e+00  4.305750e-01
5.695707e+00  4.396920e-01
5.717699e+00  4.486719e-01
5.739690e+00  4.575076e-01
5.761681e+00  4.661922e-01
5.783672e+00  4.747187e-01
5.805663e+00  4.830801e-01
5.827654e+00  4.912697e-01
5.849646e+00  4.992806e-01
5.871637e+00  5.071059e-01
5.893628e+00  5.147390e-01
5.915619e+00  5.221733e-01
5.937610e+00  5.294022e-01
5.959601e+00  5.364192e-01
5.981592e+00  5.432178e-01
6.003584e+00  5.497918e-01
6.025575e+00  5.561349e-01
6.047566e+00  5.622410e-01
6.069557e+00  5.681041e-01
6.091548e+00  5.737182e-01
6.113539e+00  5.790776e-01
6.135530e+00  5.841764e-01
6.157522e+00  5.890092e-01
6.179513e+00  5.935705e-01
6.201504e+00  5.978550e-01
6.223495e+00  6.018575e-01
6.245486e+00  6.055730e-01
6.267477e+00  6.089965e-01
6.289468e+00  6.121233e-01
6.311460e+00  6.149488e-01
6.333451e+00  6.174686e-01
6.355442e+00  6.196784e-01
6.377433e+00  6.215741e-01
6.399424e+00  6.231517e-01
6.421415e+00  6.244074e-01
6.443407e+00  6.253378e-01
6.465398e+00  6.259392e-01
6.487389e+00  6.262086e-01
6.509380e+00  6.261429e-01
6.531371e+00  6.257392e-01
6.553362e+00  6.249948e-01
6.575353e+00  6.239074e-01
6.597345e+00  6.224746e-01
6.619336e+00  6.206943e-01
6.641327e+00  6.185648e-01
6.663318e+00  6.160843e-01
6.685309e+00  6.132515e-01
6.707300e+00  6.100651e-01
6.729291e+00  6.065240e-01
6.751283e+00  6.026276e-01
6.773274e+00  5.983752e-01
6.795265e+00  5.937664e-01
6.817256e+00  5.888012e-01
6.839247e+00  5.834795e-01
6.861238e+00  5.778018e-01
6.883230e+00  5.717686e-01
6.905221e+00  5.653806e-01
6.927212e+00  5.586389e-01
6.949203e+00  5.515446e-01
6.971194e+00  5.440991e-01
6.993185e+00  5.363043e-01
7.015176e+00  5.281619e-01
7.037168e+00  5.196742e-01
7.059159e+00  5.108434e-01
7.081150e+00  5.016723e-01
7.103141e+00  4.921635e-01
7.125132e+00  4.823202e-01
7.147123e+00  4.721456e-01
7.169114e+00  4.616433e-01
7.191106e+00  4.508170e-01
7.213097e+00  4.396706e-01
7.235088e+00  4.282083e-01
7.257079e+00  4.164346e-01
7.279070e+00  4.043539e-01
7.301061e+00  3.919713e-01
7.323052e+00  3.792916e-01
7.345044e+00  3.663203e-01
7.367035e+00  3.530627e-01
7.389026e+00  3.395246e-01
7.411017e+00  3.257119e-01
7.433008e+00  3.116306e-01
7.454999e+00  2.972871e-01
7.476991e+00  2.826878e-01
7.498982e+00  2.678394e-01
7.520973e+00  2.527489e-01
7.542964e+00  2.374233e-01
7.564955e+00  2.218698e-01
7.586946e+00  2.060959e-01
7.608937e+00  1.901091e-01
7.630929e+00  1.739174e-01
7.652920e+00  1.575285e-01
7.674911e+00  1.409507e-01
7.696902e+00  1.241922e-01
7.718893e+00  1.072614e-01
7.740884e+00  9.016689e-02
7.762875e+00  7.291743e-02
7.784867e+00  5.552185e-02
7.806858e+00  3.798916e-02
7.828849e+00  2.032848e-02
7.850840e+00  2.549065e-03
7.872831e+00  -1.533972e-02
7.894822e+00  -3.332839e-02
7.916813e+00  -5.140735e-02
7.938805e+00  -6.956691e-02
7.960796e+00  -8.779727e-02
7.982787e+00  -1.060886e-01
8.004778e+00  -1.244308e-01
8.026769e+00  -1.428139e-01
8.048760e+00  -1.612279e-01
8.070752e+00  -1.796624e-01
8.092743e+00  -1.981073e-01
8.114734e+00  -2.165522e-01
8.136725e+00  -2.349868e-01
8.158716e+00  -2.534008e-01
8.180707e+00  -2.717836e-01
8.202698e+00  -2.901249e-01
8.224690e+00  -3.084141e-01
8.246681e+00  -3.266407e-01
8.268672e+00  -3.447944e-01
8.290663e+00  -3.628645e-01
8.312654e+00  -3.808405e-01
8.334645e+00  -3.987120e-01
8.356636e+00  -4.164685e-01
8.378628e+00  -4.340995e-01
8.400619e+00  -4.515947e-01
8.422610e+00  -4.689437e-01
8.444601e+00  -4.861360e-01
8.466592e+00  -5.031615e-01
8.488583e+00  -5.200099e-01
8.510574e+00  -5.366711e-01
8.532566e+00  -5.531350e-01
8.554557e+00  -5.693915e-01
8.576548e+00  -5.854307e-01
8.598539e+00  -6.012428e-01
8.620530e+00  -6.168181e-01
8.642521e+00  -6.321469e-01
8.664513e+00  -6.472198e-01
8.686504e+00  -6.620272e-01
8.708495e+00  -6.765599e-01
8.730486e+00  -6.908087e-01
8.752477e+00  -7.047647e-01
8.774468e+00  -7.184190e-01
8.796459e+00  -7.317627e-01
8.818451e+00  -7.447875e-01
8.840442e+00  -7.574847e-01
8.862433e+00  -7.698462e-01
8.884424e+00  -7.818639e-01
8.906415e+00  -7.935299e-01
8.928406e+00  -8.048364e-01
8.950397e+00  -8.157760e-01
8.972389e+00  -8.263412e-01
8.994380e+00  -8.365249e-01
9.016371e+00  -8.463202e-01
9.038362e+00  -8.557204e-01
9.060353e+00  -8.647189e-01
9.082344e+00  -8.733093e-01
9.104336e+00  -8.814857e-01
9.126327e+00  -8.892421e-01
9.148318e+00  -8.965730e-01
9.170309e+00  -9.034728e-01
9.192300e+00  -9.099365e-01
9.214291e+00  -9.159592e-01
9.236282e+00  -9.215361e-01
9.258274e+00  -9.266628e-01
9.280265e+00  -9.313352e-01
9.302256e+00  -9.355494e-01
9.324247e+00  -9.393016e-01
9.346238e+00  -9.425886e-01
9.368229e+00  -9.454071e-01
9.390220e+00  -9.477543e-01
9.412212e+00  -9.496276e-01
9.434203e+00  -9.510247e-01
9.456194e+00  -9.519436e-01
9.478185e+00  -9.523823e-01
9.500176e+00  -9.523396e-01
9.522167e+00  -9.518141e-01
9.544158e+00  -9.508048e-01
9.566150e+00  -9.493112e-01
9.588141e+00  -9.473329e-01
9.610132e+00  -9.448697e-01
9.632123e+00  -9.419219e-01
9.654114e+00  -9.384899e-01
9.676105e+00  -9.345745e-01
9.698097e+00  -9.301767e-01
9.720088e+00  -9.252979e-01
9.742079e+00  -9.199396e-01
9.764070e+00  -9.141038e-01
9.786061e+00  -9.077927e-01
9.808052e+00  -9.010086e-01
9.830043e+00  -8.937543e-01
9.852035e+00  -8.860329e-01
9.874026e+00  -8.778476e-01
9.896017e+00  -8.692020e-01
9.918008e+00  -8.601000e-01
9.939999e+00  -8.505457e-01
9.961990e+00  -8.405434e-01
9.983981e+00  -8.300979e-01
1.000597e+01  -8.192139e-01
1.002796e+01  -8.078969e-01
1.004995e+01  -7.961521e-01
1.007195e+01  -7.839853e-01
1.009394e+01  -7.714024e-01
1.011593e+01  -7.584097e-01
1.013792e+01  -7.450136e-01
1.015991e+01  -7.312208e-01
1.018190e+01  -7.170383e-01
1.020389e+01  -7.024732e-01
1.022588e+01  -6.875329e-01
1.024788e+01  -6.722251e-01
1.026987e+01  -6.565576e-01
1.029186e+01  -6.405385e-01
1.031385e+01  -6.241761e-01
1.033584e+01  -6.074789e-01
1.035783e+01  -5.904556e-01
1.037982e+01  -5.731151e-01
1.040181e+01  -5.554665e-01
1.042380e+01  -5.375190e-01
1.044580e+01  -5.192822e-01
1.046779e+01  -5.007656e-01
1.048978e+01  -4.819791e-01
1.051177e+01  -4.629326e-01
1.053376e+01  -4.436364e-01
1.055575e+01  -4.241006e-01
1.057774e+01  -4.043357e-01
1.059973e+01  -3.843523e-01
1.062172e+01  -3.641611e-01
1.064372e+01  -3.437729e-01
1.066571e+01  -3.231986e-01
1.068770e+01  -3.024494e-01
1.070969e+01  -2.815365e-01
1.073168e+01  -2.604710e-01
1.075367e+01  -2.392643e-01
1.077566e+01  -2.179280e-01
1.079765e+01  -1.964735e-01
1.081965e+01  -1.749125e-01
1.084164e+01  -1.532566e-01
1.086363e+01  -1.315176e-01
1.088562e+01  -1.097072e-01
1.090761e+01  -8.783732e-02
1.092960e+01  -6.591974e-02
1.095159e+01  -4.396638e-02
1.097358e+01  -2.198916e-02
1.099557e+01  -4.286264e-16
1.101757e+01  2.198916e-02
1.103956e+01  4.396638e-02
1.106155e+01  6.591974e-02
1.108354e+01  8.783732e-02
1.110553e+01  1.097072e-01
1.112752e+01  1.315176e-01
1.114951e+01  1.532566e-01
1.117150e+01  1.749125e-01
1.119349e+01  1.964735e-01
1.121549e+01  2.179280e-01
1.123748e+01  2.392643e-01
1.125947e+01  2.604710e-01
1.128146e+01  2.815365e-01
1.130345e+01  3.024494e-01
1.132544e+01  3.231986e-01
1.134743e+01  3.437729e-01
1.136942e+01  3.641611e-01
1.139141e+01  3.843523e-01
1.141341e+01  4.043357e-01
1.143540e+01  4.241006e-01
1.145739e+01  4.436364e-01
1.147938e+01  4.629326e-01
1.150137e+01  4.819791e-01
1.152336e+01  5.007656e-01
1.154535e+01  5.192822e-01
1.156734e+01  5.375190e-01
1.158934e+01  5.554665e-01
1.161133e+01  5.731151e-01
1.163332e+01  5.904556e-01
1.165531e+01  6.074789e-01
1.167730e+01  6.241761e-01
1.169929e+01  6.405385e-01
1.172128e+01  6.565576e-01
1.174327e+01  6.722251e-01
1.176526e+01  6.875329e-01
1.178726e+01  7.024732e-01
1.180925e+01  7.170383e-01
1.183124e+01  7.312208e-01
1.185323e+01  7.450136e-01
1.187522e+01  7.584097e-01
1.189721e+01  7.714024e-01
1.191920e+01  7.839853e-01
1.194119e+01  7.961521e-01
1.196318e+01  8.078969e-01
1.198518e+01  8.192139e-01
1.200717e+01  8.300979e-01
1.202916e+01  8.405434e-01
1.205115e+01  8.505457e-01
1.207314e+01  8.601000e-01
1.209513e+01  8.692020e-01
1.211712e+01  8.778476e-01
1.213911e+01  8.860329e-01
1.216111e+01  8.937543e-01
1.218310e+01  9.010086e-01
1.220509e+01  9.077927e-01
1.222708e+01  9.141038e-01
1.224907e+01  9.199396e-01
1.227106e+01  9.252979e-01
1.229305e+01  9.301767e-01
1.231504e+01  9.345745e-01
1.233703e+01  9.384899e-01
1.235903e+01  9.419219e-01
1.238102e+01  9.448697e-01
1.240301e+01  9.473329e-01
1.242500e+01  9.493112e-01
1.244699e+01  9.508048e-01
1.246898e+01  9.518141e-01
1.249097e+01  9.523396e-01
1.251296e+01  9.523823e-01
1.253495e+01  9.519436e-01
1.255695e+01  9.510247e-01
1.257894e+01  9.496276e-01
1.260093e+01  9.477543e-01
1.262292e+01  9.454071e-01
1.264491e+01  9.425886e-01
1.266690e+01  9.393016e-01
1.268889e+01  9.355494e-01
1.271088e+01  9.313352e-01
1.273288e+01  9.266628e-01
1.275487e+01  9.215361e-01
1.277686e+01  9.159592e-01
1.279885e+01  9.099365e-01
1.282084e+01  9.034728e-01
1.284283e+01  8.965730e-01
1.286482e+01  8.892421e-01
1.288681e+01  8.814857e-01
1.290880e+01  8.733093e-01
1.293080e+01  8.647189e-01
1.295279e+01  8.557204e-01
1.297478e+01  8.463202e-01
1.299677e+01  8.365249e-01
1.301876e+01  8.263412e-01
1.304075e+01  8.157760e-01
1.306274e+01  8.048364e-01
1.308473e+01  7.935299e-01
1.310672e+01  7.818639e-01
1.312872e+01  7.698462e-01
1.315071e+01  7.574847e-01
1.317270e+01  7.447875e-01
1.319469e+01  7.317627e-01
1.321668e+01  7.184190e-01
1.323867e+01  7.047647e-01
1.326066e+01  6.908087e-01
1.328265e+01  6.765599e-01
1.330464e+01  6.620272e-01
1.332664e+01  6.472198e-01
1.334863e+01  6.321469e-01
1.337062e+01  6.168181e-01
1.339261e+01  6.012428e-01
1.341460e+01  5.854307e-01
1.343659e+01  5.693915e-01
1.345858e+01  5.531350e-01
1.348057e+01  5.366711e-01
1.350257e+01  5.200099e-01
1.352456e+01  5.031615e-01
1.354655e+01  4.861360e-01
1.356854e+01  4.689437e-01
1.359053e+01  4.515947e-01
1.361252e+01  4.340995e-01
1.363451e+01  4.164685e-01
1.365650e+01  3.987120e-01
1.367849e+01  3.808405e-01
1.370049e+01  3.628645e-01
1.372248e+01  3.447944e-01
1.374447e+01  3.266407e-01
1.376646e+01  3.084141e-01
1.378845e+01  2.901249e-01
1.381044e+01  2.717836e-01
1.383243e+01  2.534008e-01
1.385442e+01  2.349868e-01
1.387641e+01  2.165522e-01
1.389841e+01  1.981073e-01
1.392040e+01  1.796624e-01
1.394239e+01  1.612279e-01
1.396438e+01  1.428139e-01
1.398637e+01  1.244308e-01
1.400836e+01  1.060886e-01
1.403035e+01  8.779727e-02
1.405234e+01  6.956691e-02
1.407434e+01  5.140735e-02
1.409633e+01  3.332839e-02
1.411832e+01  1.533972e-02
1.414031e+01  -2.549065e-03
1.416230e+01  -2.032848e-02
1.418429e+01  -3.798916e-02
1.420628e+01  -5.552185e-02
1.422827e+01  -7.291743e-02
1.425026e+01  -9.016689e-02
1.427226e+01  -1.072614e-01
1.429425e+01  -1.241922e-01
1.431624e+01  -1.409507e-01
1.433823e+01  -1.575285e-01
1.436022e+01  -1.739174e-01
1.438221e+01  -1.901091e-01
1.440420e+01  -2.060959e-01
1.442619e+01  -2.218698e-01
1.444818e+01  -2.374233e-01
1.447018e+01  -2.527489e-01
1.449217e+01  -2.678394e-01
1.451416e+01  -2.826878e-01
1.453615e+01  -2.972871e-01
1.455814e+01  -3.116306e-01
1.458013e+01  -3.257119e-01
1.460212e+01  -3.395246e-01
1.462411e+01  -3.530627e-01
1.464610e+01  -3.663203e-01
1.466810e+01  -3.792916e-01
1.469009e+01  -3.919713e-01
1.471208e+01  -4.043539e-01
1.473407e+01  -4.164346e-01
1.475606e+01  -4.282083e-01
1.477805e+01  -4.396706e-01
1.480004e+01  -4.508170e-01
1.482203e+01  -4.616433e-01
1.484403e+01  -4.721456e-01
1.486602e+01  -4.823202e-01
1.488801e+01  -4.921635e-01
1.491000e+01  -5.016723e-01
1.493199e+01  -5.108434e-01
1.495398e+01  -5.196742e-01
1.497597e+01  -5.281619e-01
1.499796e+01  -5.363043e-01
1.501995e+01  -5.440991e-01
1.504195e+01  -5.515446e-01
1.506394e+01  -5.586389e-01
1.508593e+01  -5.653806e-01
1.510792e+01  -5.717686e-01
1.512991e+01  -5.778018e-01
1.515190e+01  -5.834795e-01
1.517389e+01  -5.888012e-01
1.519588e+01  -5.937664e-01
1.521787e+01  -5.983752e-01
1.523987e+01  -6.026276e-01
1.526186e+01  -6.065240e-01
1.528385e+01  -6.100651e-01
1.530584e+01  -6.132515e-01
1.532783e+01  -6.160843e-01
1.534982e+01  -6.185648e-01
1.537181e+01  -6.206943e-01
1.539380e+01  -6.224746e-01
1.541580e+01  -6.239074e-01
1.543779e+01  -6.249948e-01
1.545978e+01  -6.257392e-01
1.548177e+01  -6.261429e-01
1.550376e+01  -6.262086e-01
1.552575e+01  -6.259392e-01
1.554774e+01  -6.253378e-01
1.556973e+01  -6.244074e-01
1.559172e+01  -6.231517e-01
1.561372e+01  -6.215741e-01
1.563571e+01  -6.196784e-01
1.565770e+01  -6.174686e-01
1.567969e+01  -6.149488e-01
1.570168e+01  -6.121233e-01
1.572367e+01  -6.089965e-01
1.574566e+01  -6.055730e-01
1.576765e+01  -6.018575e-01
1.578964e+01  -5.978550e-01
1.581164e+01  -5.935705e-01
1.583363e+01  -5.890092e-01
1.585562e+01  -5.841764e-01
1.587761e+01  -5.790776e-01
1.589960e+01  -5.737182e-01
1.592159e+01  -5.681041e-01
1.594358e+01  -5.622410e-01
1.596557e+01  -5.561349e-01
1.598757e+01  -5.497918e-01
1.600956e+01  -5.432178e-01
1.603155e+01  -5.364192e-01
1.605354e+01  -5.294022e-01
1.607553e+01  -5.221733e-01
1.609752e+01  -5.147390e-01
1.611951e+01  -5.071059e-01
1.614150e+01  -4.992806e-01
1.616349e+01  -4.912697e-01
1.618549e+01  -4.830801e-01
1.620748e+01  -4.747187e-01
1.622947e+01  -4.661922e-01
1.625146e+01  -4.575076e-01
1.627345e+01  -4.486719e-01
1.629544e+01  -4.396920e-01
1.631743e+01  -4.305750e-01
1.633942e+01  -4.213280e-01
1.636141e+01  -4.119580e-01
1.638341e+01  -4.024722e-01
1.640540e+01  -3.928775e-01
1.642739e+01  -3.831812e-01
1.644938e+01  -3.733904e-01
1.647137e+01  -3.635121e-01
1.649336e+01  -3.535534e-01
1.651535e+01  -3.435214e-01
1.653734e+01  -3.334233e-01
1.655933e+01  -3.232659e-01
1.658133e+01  -3.130564e-01
1.660332e+01  -3.028017e-01
1.662531e+01  -2.925086e-01
1.664730e+01  -2.821843e-01
1.666929e+01  -2.718353e-01
1.669128e+01  -2.614687e-01
1.671327e+01  -2.510910e-01
1.673526e+01  -2.407090e-01
1.675726e+01  -2.303292e-01
1.677925e+01  -2.199583e-01
1.680124e+01  -2.096026e-01
1.682323e+01  -1.992686e-01
1.684522e+01  -1.889626e-01
1.686721e+01  -1.786908e-01
1.688920e+01  -1.684593e-01
1.691119e+01  -1.582742e-01
1.693318e+01  -1.481414e-01
1.695518e+01  -1.380668e-01
1.697717e+01  -1.280561e-01
1.699916e+01  -1.181149e-01
1.702115e+01  -1.082488e-01
1.704314e+01  -9.846323e-02
1.706513e+01  -8.876344e-02
1.708712e+01  -7.915462e-02
1.710911e+01  -6.964185e-02
1.713110e+01  -6.023006e-02
1.715310e+01  -5.092406e-02
1.717509e+01  -4.172855e-02
1.719708e+01  -3.264808e-02
1.721907e+01  -2.368706e-02
1.724106e+01  -1.484980e-02
1.726305e+01  -6.140436e-03
1.728504e+01  2.437009e-03
1.730703e+01  1.087866e-02
1.732903e+01  1.918079e-02
1.735102e+01  2.733981e-02
1.737301e+01  3.535226e-02
1.739500e+01  4.321486e-02
1.741699e+01  5.092443e-02
1.743898e+01  5.847798e-02
1.746097e+01  6.587265e-02
1.748296e+01  7.310572e-02
1.750495e+01  8.017464e-02
1.752695e+01  8.707698e-02
1.754894e+01  9.381050e-02
1.757093e+01  1.003731e-01
1.759292e+01  1.067627e-01
1.761491e+01  1.129777e-01
1.763690e+01  1.190163e-01
1.765889e+01  1.248770e-01
1.768088e+01  1.305584e-01
1.770287e+01  1.360594e-01
1.772487e+01  1.413789e-01
1.774686e+01  1.465159e-01
1.776885e+01  1.514697e-01
1.779084e+01  1.562397e-01
1.781283e+01  1.608254e-01
1.783482e+01  1.652264e-01
1.785681e+01  1.694426e-01
1.787880e+01  1.734739e-01
1.790079e+01  1.773204e-01
1.792279e+01  1.809823e-01
1.794478e+01  1.844600e-01
1.796677e+01  1.877540e-01
1.798876e+01  1.908649e-01
1.801075e+01  1.937934e-01
1.803274e+01  1.965406e-01
1.805473e+01  1.991073e-01
1.807672e+01  2.014947e-01
1.809872e+01  2.037041e-01
1.812071e+01  2.057368e-01
1.814270e+01  2.075944e-01
1.816469e+01  2.092785e-01
1.818668e+01  2.107908e-01
1.820867e+01  2.121331e-01
1.823066e+01  2.133074e-01
1.825265e+01  2.143157e-01
1.827464e+01  2.151602e-01
1.829664e+01  2.158431e-01
1.831863e+01  2.163668e-01
1.834062e+01  2.167336e-01
1.836261e+01  2.169462e-01
1.838460e+01  2.170070e-01
1.840659e+01  2.169189e-01
1.842858e+01  2.166846e-01
1.845057e+01  2.163068e-01
1.847256e+01  2.157887e-01
1.849456e+01  2.151330e-01
1.851655e+01  2.143430e-01
1.853854e+01  2.134216e-01
1.856053e+01  2.123722e-01
1.858252e+01  2.111979e-01
1.860451e+01  2.099020e-01
1.862650e+01  2.084878e-01
1.864849e+01  2.069588e-01
1.867049e+01  2.053183e-01
1.869248e+01  2.035699e-01
1.871447e+01  2.017169e-01
1.873646e+01  1.997631e-01
1.875845e+01  1.977118e-01
1.878044e+01  1.955668e-01
1.880243e+01  1.933316e-01
1.882442e+01  1.910099e-01
1.884641e+01  1.886052e-01
1.886841e+01  1.861212e-01
1.889040e+01  1.835617e-01
1.891239e+01  1.809303e-01
1.893438e+01  1.782306e-01
1.895637e+01  1.754663e-01
1.897836e+01  1.726410e-01
1.900035e+01  1.697585e-01
1.902234e+01  1.668224e-01
1.904433e+01  1.638363e-01
1.906633e+01  1.608038e-01
1.908832e+01  1.577285e-01
1.911031e+01  1.546139e-01
1.913230e+01  1.514637e-01
1.915429e+01  1.482813e-01
1.917628e+01  1.450702e-01
1.919827e+01  1.418339e-01
1.922026e+01  1.385757e-01
1.924226e+01  1.352990e-01
1.926425e+01  1.320072e-01
1.928624e+01  1.287035e-01
1.930823e+01  1.253912e-01
1.933022e+01  1.220734e-01
1.935221e+01  1.187533e-01
1.937420e+01  1.154339e-01
1.939619e+01  1.121183e-01
1.941818e+01  1.088094e-01
1.944018e+01  1.055101e-01
1.946217e+01  1.022233e-01
1.948416e+01  9.895165e-02
1.950615e+01  9.569794e-02
1.952814e+01  9.246477e-02
1.955013e+01  8.925472e-02
1.957212e+01  8.607028e-02
1.959411e+01  8.291386e-02
1.961610e+01  7.978780e-02
1.963810e+01  7.669438e-02
1.966009e+01  7.363580e-02
1.968208e+01  7.061415e-02
1.970407e+01  6.763148e-02
1.972606e+01  6.468975e-02
1.974805e+01  6.179083e-02
1.977004e+01  5.893651e-02
1.979203e+01  5.612850e-02
1.981402e+01  5.336843e-02
1.983602e+01  5.065785e-02
1.985801e+01  4.799821e-02
1.988000e+01  4.539090e-02
1.990199e+01  4.283721e-02
1.992398e+01  4.033835e-02
1.994597e+01  3.789544e-02
1.996796e+01  3.550953e-02
1.998995e+01  3.318156e-02
2.001195e+01  3.091242e-02
2.003394e+01  2.870289e-02
2.005593e+01  2.655367e-02
2.007792e+01  2.446539e-02
2.009991e+01  2.243859e-02
2.012190e+01  2.047373e-02
2.014389e+01  1.857118e-02
2.016588e+01  1.673125e-02
2.018787e+01  1.495415e-02
2.020987e+01  1.324001e-02
2.023186e+01  1.158891e-02
2.025385e+01  1.000082e-02
2.027584e+01  8.475666e-03
2.029783e+01  7.013274e-03
2.031982e+01  5.613409e-03
2.034181e+01  4.275765e-03
2.036380e+01  2.999964e-03
2.038579e+01  1.785559e-03
2.040779e+01  6.320388e-04
2.042978e+01  -4.611760e-04
2.045177e+01  -1.494727e-03
2.047376e+01  -2.469319e-03
2.049575e+01  -3.385715e-03
2.051774e+01  -4.244738e-03
2.053973e+01  -5.047268e-03
2.056172e+01  -5.794237e-03
2.058372e+01  -6.486633e-03
2.060571e+01  -7.125492e-03
2.062770e+01  -7.711901e-03
2.064969e+01  -8.246991e-03
2.067168e+01  -8.731939e-03
2.069367e+01  -9.167964e-03
2.071566e+01  -9.556326e-03
2.073765e+01  -9.898322e-03
2.075964e+01  -1.019528e-02
2.078164e+01  -1.044858e-02
2.080363e+01  -1.065961e-02
2.082562e+01  -1.082979e-02
2.084761e+01  -1.096059e-02
2.086960e+01  -1.105347e-02
2.089159e+01  -1.110994e-02
2.091358e+01  -1.113152e-02
2.093557e+01  -1.111974e-02
2.095756e+01  -1.107615e-02
2.097956e+01  -1.100233e-02
2.100155e+01  -1.089984e-02
2.102354e+01  -1.077026e-02
2.104553e+01  -1.061519e-02
2.106752e+01  -1.043622e-02
2.108951e+01  -1.023493e-02
2.111150e+01  -1.001292e-02
2.113349e+01  -9.771784e-03
2.115548e+01  -9.513094e-03
2.117748e+01  -9.238427e-03
2.119947e+01  -8.949346e-03
2.122146e+01  -8.647403e-03
2.124345e+01  -8.334135e-03
2.126544e+01  -8.011061e-03
2.128743e+01  -7.679682e-03
2.130942e+01  -7.341479e-03
2.133141e+01  -6.997909e-03
2.135341e+01  -6.650404e-03
2.137540e+01  -6.300370e-03
2.139739e+01  -5.949184e-03
2.141938e+01  -5.598192e-03
2.144137e+01  -5.248708e-03
2.146336e+01  -4.902012e-03
2.148535e+01  -4.559348e-03
2.150734e+01  -4.221922e-03
2.152933e+01  -3.890903e-03
2.155133e+01  -3.567416e-03
2.157332e+01  -3.252546e-03
2.159531e+01  -2.947335e-03
2.161730e+01  -2.652778e-03
2.163929e+01  -2.369826e-03
2.166128e+01  -2.099380e-03
2.168327e+01  -1.842295e-03
2.170526e+01  -1.599375e-03
2.172725e+01  -1.371373e-03
2.174925e+01  -1.158990e-03
2.177124e+01  -9.628744e-04
2.179323e+01  -7.836222e-04
2.181522e+01  -6.217737e-04
2.183721e+01  -4.778148e-04
2.185920e+01  -3.521756e-04
2.188119e+01  -2.452299e-04
2.190318e+01  -1.572948e-04
2.192518e+01  -8.863058e-05
2.194717e+01  -3.943972e-05
2.196916e+01  -9.867186e-06
