7.645266e+00  1.230172e+02
7.532063e+00  1.220172e+02
7.484450e+00  1.210172e+02
7.447523e+00  1.200172e+02
7.416081e+00  1.190172e+02
7.388117e+00  1.180172e+02
7.362601e+00  1.170172e+02
7.338923e+00  1.160172e+02
7.316686e+00  1.150172e+02
7.295613e+00  1.140172e+02
7.275505e+00  1.130172e+02
7.256210e+00  1.120172e+02
7.237610e+00  1.110172e+02
7.219612e+00  1.100172e+02
7.202139e+00  1.090172e+02
7.185130e+00  1.080172e+02
7.168531e+00  1.070172e+02
7.152297e+00  1.060172e+02
7.136392e+00  1.050172e+02
7.120781e+00  1.040172e+02
7.105436e+00  1.030172e+02
7.090332e+00  1.020172e+02
7.075445e+00  1.010172e+02
7.060755e+00  1.000172e+02
7.046244e+00  9.901717e+01
7.031897e+00  9.801717e+01
7.017697e+00  9.701717e+01
7.003630e+00  9.601717e+01
6.989685e+00  9.501717e+01
6.975850e+00  9.401717e+01
6.962113e+00  9.301717e+01
6.948465e+00  9.201717e+01
6.934896e+00  9.101717e+01
6.921397e+00  9.001717e+01
6.907959e+00  8.901717e+01
6.894575e+00  8.801717e+01
6.881236e+00  8.701717e+01
6.867935e+00  8.601717e+01
6.854666e+00  8.501717e+01
6.841420e+00  8.401717e+01
6.828192e+00  8.301717e+01
6.814975e+00  8.201717e+01
6.801763e+00  8.101717e+01
6.788548e+00  8.001717e+01
6.775326e+00  7.901717e+01
6.762089e+00  7.801717e+01
6.748831e+00  7.701717e+01
6.735548e+00  7.601717e+01
6.722231e+00  7.501717e+01
6.708876e+00  7.401717e+01
6.695475e+00  7.301717e+01
6.682023e+00  7.201717e+01
6.668513e+00  7.101717e+01
6.654938e+00  7.001717e+01
6.641292e+00  6.901717e+01
6.627568e+00  6.801717e+01
6.613758e+00  6.701717e+01
6.599856e+00  6.601717e+01
6.585853e+00  6.501717e+01
6.571741e+00  6.401717e+01
6.557513e+00  6.301717e+01
6.543159e+00  6.201717e+01
6.528670e+00  6.101717e+01
6.514036e+00  6.001717e+01
6.499248e+00  5.901717e+01
6.484294e+00  5.801717e+01
6.469162e+00  5.701717e+01
6.453841e+00  5.601717e+01
6.438316e+00  5.501717e+01
6.422575e+00  5.401717e+01
6.406601e+00  5.301717e+01
6.390379e+00  5.201717e+01
6.373889e+00  5.101717e+01
6.357113e+00  5.001717e+01
6.340029e+00  4.901717e+01
6.322614e+00  4.801717e+01
6.304842e+00  4.701717e+01
6.286685e+00  4.601717e+01
6.268110e+00  4.501717e+01
6.249084e+00  4.401717e+01
6.229566e+00  4.301717e+01
6.209511e+00  4.201717e+01
6.188869e+00  4.101717e+01
6.167582e+00  4.001717e+01
6.145583e+00  3.901717e+01
6.122795e+00  3.801717e+01
6.099128e+00  3.701717e+01
6.074474e+00  3.601717e+01
6.048705e+00  3.501717e+01
6.021667e+00  3.401717e+01
5.993170e+00  3.301717e+01
5.962976e+00  3.201717e+01
5.930783e+00  3.101717e+01
5.896195e+00  3.001717e+01
5.858682e+00  2.901717e+01
5.817507e+00  2.801717e+01
5.771592e+00  2.701717e+01
5.719271e+00  2.601717e+01
5.657725e+00  2.501717e+01
5.581539e+00  2.401717e+01
5.477657e+00  2.301717e+01
5.291985e+00  2.201717e+01
7.757271e+00  1.220172e+02
7.803747e+00  1.210172e+02
7.839651e+00  1.200172e+02
8.839029e+00  6.501717e+01
8.847837e+00  6.401717e+01
8.856693e+00  6.301717e+01
8.865602e+00  6.201717e+01
8.874567e+00  6.101717e+01
8.883591e+00  6.001717e+01
8.892680e+00  5.901717e+01
8.901836e+00  5.801717e+01
8.911065e+00  5.701717e+01
8.920372e+00  5.601717e+01
8.929762e+00  5.501717e+01
8.939240e+00  5.401717e+01
8.948811e+00  5.301717e+01
8.958483e+00  5.201717e+01
8.968263e+00  5.101717e+01
8.978156e+00  5.001717e+01
8.988172e+00  4.901717e+01
8.998319e+00  4.801717e+01
9.008607e+00  4.701717e+01
9.019045e+00  4.601717e+01
9.029646e+00  4.501717e+01
9.040421e+00  4.401717e+01
9.051385e+00  4.301717e+01
9.062552e+00  4.201717e+01
9.073942e+00  4.101717e+01
9.085572e+00  4.001717e+01
9.097466e+00  3.901717e+01
9.109649e+00  3.801717e+01
9.122151e+00  3.701717e+01
9.135006e+00  3.601717e+01
9.148254e+00  3.501717e+01
9.161944e+00  3.401717e+01
9.176133e+00  3.301717e+01
9.190893e+00  3.201717e+01
9.206311e+00  3.101717e+01
9.222501e+00  3.001717e+01
9.239608e+00  2.901717e+01
9.257833e+00  2.801717e+01
9.277454e+00  2.701717e+01
9.298887e+00  2.601717e+01
9.322801e+00  2.501717e+01
9.350399e+00  2.401717e+01
9.384345e+00  2.301717e+01
9.434049e+00  2.201717e+01
1.087811e+01  1.425865e+02
1.018207e+01  6.458646e+01
1.017226e+01  6.358646e+01
1.016242e+01  6.258646e+01
1.015256e+01  6.158646e+01
1.014265e+01  6.058646e+01
1.013271e+01  5.958646e+01
1.012272e+01  5.858646e+01
1.011268e+01  5.758646e+01
1.010258e+01  5.658646e+01
1.009243e+01  5.558646e+01
1.008220e+01  5.458646e+01
1.007190e+01  5.358646e+01
1.006153e+01  5.258646e+01
1.005106e+01  5.158646e+01
1.004050e+01  5.058646e+01
1.002984e+01  4.958646e+01
1.001906e+01  4.858646e+01
1.000816e+01  4.758646e+01
9.997138e+00  4.658646e+01
9.985968e+00  4.558646e+01
9.974644e+00  4.458646e+01
9.963151e+00  4.358646e+01
9.951476e+00  4.258646e+01
9.939601e+00  4.158646e+01
9.927507e+00  4.058646e+01
9.915174e+00  3.958646e+01
9.902578e+00  3.858646e+01
9.889690e+00  3.758646e+01
9.876480e+00  3.658646e+01
9.862910e+00  3.558646e+01
9.848937e+00  3.458646e+01
9.834508e+00  3.358646e+01
9.819559e+00  3.258646e+01
9.804014e+00  3.158646e+01
9.787773e+00  3.058646e+01
9.770711e+00  2.958646e+01
9.752662e+00  2.858646e+01
9.733395e+00  2.758646e+01
9.712581e+00  2.658646e+01
9.689718e+00  2.558646e+01
9.663957e+00  2.458646e+01
9.633657e+00  2.358646e+01
9.594639e+00  2.258646e+01
9.516362e+00  2.158646e+01
1.097041e+01  1.415865e+02
1.100905e+01  1.405865e+02
1.103890e+01  1.395865e+02
1.106421e+01  1.385865e+02
1.108664e+01  1.375865e+02
1.110703e+01  1.365865e+02
1.112589e+01  1.355865e+02
1.114353e+01  1.345865e+02
1.116020e+01  1.335865e+02
1.117604e+01  1.325865e+02
1.119119e+01  1.315865e+02
1.120575e+01  1.305865e+02
1.121978e+01  1.295865e+02
1.123336e+01  1.285865e+02
1.124653e+01  1.275865e+02
1.125935e+01  1.265865e+02
1.127183e+01  1.255865e+02
1.128402e+01  1.245865e+02
1.129594e+01  1.235865e+02
1.130762e+01  1.225865e+02
1.131907e+01  1.215865e+02
1.133032e+01  1.205865e+02
1.134137e+01  1.195865e+02
1.135226e+01  1.185865e+02
1.136297e+01  1.175865e+02
1.137354e+01  1.165865e+02
1.138397e+01  1.155865e+02
1.139427e+01  1.145865e+02
1.140445e+01  1.135865e+02
1.141451e+01  1.125865e+02
1.142447e+01  1.115865e+02
1.143433e+01  1.105865e+02
1.144410e+01  1.095865e+02
1.145378e+01  1.085865e+02
1.146338e+01  1.075865e+02
1.147291e+01  1.065865e+02
1.148237e+01  1.055865e+02
1.149176e+01  1.045865e+02
1.150109e+01  1.035865e+02
1.151036e+01  1.025865e+02
1.151958e+01  1.015865e+02
1.152876e+01  1.005865e+02
1.153788e+01  9.958646e+01
1.154697e+01  9.858646e+01
1.155602e+01  9.758646e+01
1.156503e+01  9.658646e+01
1.157401e+01  9.558646e+01
1.158296e+01  9.458646e+01
1.159189e+01  9.358646e+01
1.160079e+01  9.258646e+01
1.160967e+01  9.158646e+01
1.161854e+01  9.058646e+01
1.162739e+01  8.958646e+01
1.163623e+01  8.858646e+01
1.164505e+01  8.758646e+01
1.165387e+01  8.658646e+01
1.166269e+01  8.558646e+01
1.167150e+01  8.458646e+01
1.168032e+01  8.358646e+01
1.168913e+01  8.258646e+01
1.169795e+01  8.158646e+01
1.170678e+01  8.058646e+01
1.171562e+01  7.958646e+01
1.172447e+01  7.858646e+01
1.173334e+01  7.758646e+01
1.174223e+01  7.658646e+01
1.175113e+01  7.558646e+01
1.176006e+01  7.458646e+01
1.176901e+01  7.358646e+01
1.177799e+01  7.258646e+01
1.178701e+01  7.158646e+01
1.179606e+01  7.058646e+01
1.180514e+01  6.958646e+01
1.181427e+01  6.858646e+01
1.182343e+01  6.758646e+01
1.183265e+01  6.658646e+01
1.184191e+01  6.558646e+01
1.185123e+01  6.458646e+01
1.186061e+01  6.358646e+01
1.187005e+01  6.258646e+01
1.187955e+01  6.158646e+01
1.188912e+01  6.058646e+01
1.189877e+01  5.958646e+01
1.190849e+01  5.858646e+01
1.191830e+01  5.758646e+01
1.192820e+01  5.658646e+01
1.193819e+01  5.558646e+01
1.194828e+01  5.458646e+01
1.195848e+01  5.358646e+01
1.196880e+01  5.258646e+01
1.197923e+01  5.158646e+01
1.198980e+01  5.058646e+01
1.200050e+01  4.958646e+01
1.201135e+01  4.858646e+01
1.202237e+01  4.758646e+01
1.203355e+01  4.658646e+01
1.204491e+01  4.558646e+01
1.205646e+01  4.458646e+01
1.206823e+01  4.358646e+01
1.208023e+01  4.258646e+01
1.209247e+01  4.158646e+01
1.210498e+01  4.058646e+01
1.211778e+01  3.958646e+01
1.213090e+01  3.858646e+01
1.214437e+01  3.758646e+01
1.215823e+01  3.658646e+01
1.217252e+01  3.558646e+01
1.218729e+01  3.458646e+01
1.220260e+01  3.358646e+01
1.221852e+01  3.258646e+01
1.223515e+01  3.158646e+01
1.225260e+01  3.058646e+01
1.227101e+01  2.958646e+01
1.229059e+01  2.858646e+01
1.231159e+01  2.758646e+01
1.233440e+01  2.658646e+01
1.235961e+01  2.558646e+01
1.238822e+01  2.458646e+01
1.242213e+01  2.358646e+01
1.246625e+01  2.258646e+01
1.255638e+01  2.158646e+01
7.645266e+00  1.230172e+02
7.532063e+00  1.220172e+02
7.484450e+00  1.210172e+02
7.447522e+00  1.200172e+02
7.416081e+00  1.190172e+02
7.388117e+00  1.180172e+02
7.362601e+00  1.170172e+02
7.338923e+00  1.160172e+02
7.316686e+00  1.150172e+02
7.295613e+00  1.140172e+02
7.275505e+00  1.130172e+02
7.256210e+00  1.120172e+02
7.237610e+00  1.110172e+02
7.219612e+00  1.100172e+02
7.202139e+00  1.090172e+02
7.185130e+00  1.080172e+02
7.168531e+00  1.070172e+02
7.152297e+00  1.060172e+02
7.136392e+00  1.050172e+02
7.120781e+00  1.040172e+02
7.105436e+00  1.030172e+02
7.090332e+00  1.020172e+02
7.075445e+00  1.010172e+02
7.060755e+00  1.000172e+02
7.046244e+00  9.901717e+01
7.031897e+00  9.801717e+01
7.017697e+00  9.701717e+01
7.003630e+00  9.601717e+01
6.989685e+00  9.501717e+01
6.975850e+00  9.401717e+01
6.962113e+00  9.301717e+01
6.948465e+00  9.201717e+01
6.934896e+00  9.101717e+01
6.921397e+00  9.001717e+01
6.907959e+00  8.901717e+01
6.894575e+00  8.801717e+01
6.881236e+00  8.701717e+01
6.867935e+00  8.601717e+01
6.854666e+00  8.501717e+01
6.841420e+00  8.401717e+01
6.828192e+00  8.301717e+01
6.814975e+00  8.201717e+01
6.801763e+00  8.101717e+01
6.788548e+00  8.001717e+01
6.775326e+00  7.901717e+01
6.762089e+00  7.801717e+01
6.748831e+00  7.701717e+01
6.735548e+00  7.601717e+01
6.722231e+00  7.501717e+01
6.708876e+00  7.401717e+01
6.695475e+00  7.301717e+01
6.682023e+00  7.201717e+01
6.668513e+00  7.101717e+01
6.654938e+00  7.001717e+01
6.641292e+00  6.901717e+01
6.627568e+00  6.801717e+01
6.613758e+00  6.701717e+01
6.599856e+00  6.601717e+01
6.585853e+00  6.501717e+01
6.571741e+00  6.401717e+01
6.557513e+00  6.301717e+01
6.543159e+00  6.201717e+01
6.528670e+00  6.101717e+01
6.514036e+00  6.001717e+01
6.499248e+00  5.901717e+01
6.484294e+00  5.801717e+01
6.469162e+00  5.701717e+01
6.453841e+00  5.601717e+01
6.438316e+00  5.501717e+01
6.422575e+00  5.401717e+01
6.406601e+00  5.301717e+01
6.390379e+00  5.201717e+01
6.373889e+00  5.101717e+01
6.357113e+00  5.001717e+01
6.340029e+00  4.901717e+01
6.322614e+00  4.801717e+01
6.304842e+00  4.701717e+01
6.286685e+00  4.601717e+01
6.268110e+00  4.501717e+01
6.249084e+00  4.401717e+01
6.229566e+00  4.301717e+01
6.209511e+00  4.201717e+01
6.188869e+00  4.101717e+01
6.167582e+00  4.001717e+01
6.145583e+00  3.901717e+01
6.122795e+00  3.801717e+01
6.099128e+00  3.701717e+01
6.074474e+00  3.601717e+01
6.048705e+00  3.501717e+01
6.021667e+00  3.401717e+01
5.993170e+00  3.301717e+01
5.962976e+00  3.201717e+01
5.930783e+00  3.101717e+01
5.896195e+00  3.001717e+01
5.858682e+00  2.901717e+01
5.817507e+00  2.801717e+01
5.771592e+00  2.701717e+01
5.719271e+00  2.601717e+01
5.657725e+00  2.501717e+01
5.581539e+00  2.401717e+01
5.477657e+00  2.301717e+01
5.291984e+00  2.201717e+01
7.757271e+00  1.220172e+02
7.803747e+00  1.210172e+02
7.839651e+00  1.200172e+02
8.839029e+00  6.501717e+01
8.847837e+00  6.401717e+01
8.856693e+00  6.301717e+01
8.865602e+00  6.201717e+01
8.874567e+00  6.101717e+01
8.883591e+00  6.001717e+01
8.892680e+00  5.901717e+01
8.901836e+00  5.801717e+01
8.911065e+00  5.701717e+01
8.920372e+00  5.601717e+01
8.929762e+00  5.501717e+01
8.939240e+00  5.401717e+01
8.948811e+00  5.301717e+01
8.958483e+00  5.201717e+01
8.968263e+00  5.101717e+01
8.978156e+00  5.001717e+01
8.988172e+00  4.901717e+01
8.998319e+00  4.801717e+01
9.008607e+00  4.701717e+01
9.019045e+00  4.601717e+01
9.029646e+00  4.501717e+01
9.040421e+00  4.401717e+01
9.051385e+00  4.301717e+01
9.062552e+00  4.201717e+01
9.073942e+00  4.101717e+01
9.085572e+00  4.001717e+01
9.097466e+00  3.901717e+01
9.109649e+00  3.801717e+01
9.122151e+00  3.701717e+01
9.135006e+00  3.601717e+01
9.148254e+00  3.501717e+01
9.161944e+00  3.401717e+01
9.176133e+00  3.301717e+01
9.190893e+00  3.201717e+01
9.206311e+00  3.101717e+01
9.222501e+00  3.001717e+01
9.239608e+00  2.901717e+01
9.257833e+00  2.801717e+01
9.277454e+00  2.701717e+01
9.298887e+00  2.601717e+01
9.322801e+00  2.501717e+01
9.350400e+00  2.401717e+01
9.384345e+00  2.301717e+01
9.434049e+00  2.201717e+01
1.402012e+01  6.311815e+01
1.387262e+01  6.211815e+01
1.381163e+01  6.111815e+01
1.376461e+01  6.011815e+01
1.372471e+01  5.911815e+01
1.368929e+01  5.811815e+01
1.365699e+01  5.711815e+01
1.362701e+01  5.611815e+01
1.359883e+01  5.511815e+01
1.357208e+01  5.411815e+01
1.354649e+01  5.311815e+01
1.352186e+01  5.211815e+01
1.349803e+01  5.111815e+01
1.347488e+01  5.011815e+01
1.345228e+01  4.911815e+01
1.343017e+01  4.811815e+01
1.340845e+01  4.711815e+01
1.338707e+01  4.611815e+01
1.336595e+01  4.511815e+01
1.334505e+01  4.411815e+01
1.332431e+01  4.311815e+01
1.330369e+01  4.211815e+01
1.328313e+01  4.111815e+01
1.326259e+01  4.011815e+01
1.324202e+01  3.911815e+01
1.322137e+01  3.811815e+01
1.320060e+01  3.711815e+01
1.317964e+01  3.611815e+01
1.315844e+01  3.511815e+01
1.313693e+01  3.411815e+01
1.311502e+01  3.311815e+01
1.309263e+01  3.211815e+01
1.306964e+01  3.111815e+01
1.304591e+01  3.011815e+01
1.302128e+01  2.911815e+01
1.299549e+01  2.811815e+01
1.296822e+01  2.711815e+01
1.293900e+01  2.611815e+01
1.290705e+01  2.511815e+01
1.287104e+01  2.411815e+01
1.282806e+01  2.311815e+01
1.276864e+01  2.211815e+01
1.417103e+01  6.211815e+01
1.423550e+01  6.111815e+01
1.428608e+01  6.011815e+01
1.432962e+01  5.911815e+01
1.436877e+01  5.811815e+01
1.440488e+01  5.711815e+01
1.443876e+01  5.611815e+01
1.447095e+01  5.511815e+01
1.450181e+01  5.411815e+01
1.453161e+01  5.311815e+01
1.456058e+01  5.211815e+01
1.458886e+01  5.111815e+01
1.461660e+01  5.011815e+01
1.464391e+01  4.911815e+01
1.467090e+01  4.811815e+01
1.469764e+01  4.711815e+01
1.472422e+01  4.611815e+01
1.475070e+01  4.511815e+01
1.477717e+01  4.411815e+01
1.480367e+01  4.311815e+01
1.483029e+01  4.211815e+01
1.485709e+01  4.111815e+01
1.488414e+01  4.011815e+01
1.491150e+01  3.911815e+01
1.493926e+01  3.811815e+01
1.496750e+01  3.711815e+01
1.499632e+01  3.611815e+01
1.502583e+01  3.511815e+01
1.505615e+01  3.411815e+01
1.508742e+01  3.311815e+01
1.511984e+01  3.211815e+01
1.515361e+01  3.111815e+01
1.518902e+01  3.011815e+01
1.522642e+01  2.911815e+01
1.526630e+01  2.811815e+01
1.530934e+01  2.711815e+01
1.535656e+01  2.611815e+01
1.540956e+01  2.511815e+01
1.547127e+01  2.411815e+01
1.554797e+01  2.311815e+01
1.566059e+01  2.211815e+01
1.069208e+01  2.023464e+02
1.060167e+01  2.013464e+02
1.056397e+01  2.003464e+02
1.053490e+01  1.993464e+02
1.051027e+01  1.983464e+02
1.048848e+01  1.973464e+02
1.046869e+01  1.963464e+02
1.045042e+01  1.953464e+02
1.043333e+01  1.943464e+02
1.041722e+01  1.933464e+02
1.040191e+01  1.923464e+02
1.038729e+01  1.913464e+02
1.037327e+01  1.903464e+02
1.035975e+01  1.893464e+02
1.034670e+01  1.883464e+02
1.033405e+01  1.873464e+02
1.032176e+01  1.863464e+02
1.030980e+01  1.853464e+02
1.029813e+01  1.843464e+02
1.028674e+01  1.833464e+02
1.027560e+01  1.823464e+02
1.026468e+01  1.813464e+02
1.025398e+01  1.803464e+02
1.024347e+01  1.793464e+02
1.023314e+01  1.783464e+02
1.022298e+01  1.773464e+02
1.021298e+01  1.763464e+02
1.020313e+01  1.753464e+02
1.019341e+01  1.743464e+02
1.018382e+01  1.733464e+02
1.017436e+01  1.723464e+02
1.016501e+01  1.713464e+02
1.015576e+01  1.703464e+02
1.014662e+01  1.693464e+02
1.013758e+01  1.683464e+02
1.012862e+01  1.673464e+02
1.011976e+01  1.663464e+02
1.011097e+01  1.653464e+02
1.010226e+01  1.643464e+02
1.009362e+01  1.633464e+02
1.008506e+01  1.623464e+02
1.007656e+01  1.613464e+02
1.006812e+01  1.603464e+02
1.005974e+01  1.593464e+02
1.005142e+01  1.583464e+02
1.004315e+01  1.573464e+02
1.003493e+01  1.563464e+02
1.002676e+01  1.553464e+02
1.001864e+01  1.543464e+02
1.001056e+01  1.533464e+02
1.000252e+01  1.523464e+02
9.994519e+00  1.513464e+02
9.986557e+00  1.503464e+02
9.978630e+00  1.493464e+02
9.970736e+00  1.483464e+02
9.962873e+00  1.473464e+02
9.955041e+00  1.463464e+02
9.947236e+00  1.453464e+02
9.939457e+00  1.443464e+02
9.931703e+00  1.433464e+02
9.923973e+00  1.423464e+02
9.916264e+00  1.413464e+02
9.908575e+00  1.403464e+02
9.900905e+00  1.393464e+02
9.893253e+00  1.383464e+02
9.885616e+00  1.373464e+02
9.877995e+00  1.363464e+02
9.870386e+00  1.353464e+02
9.862790e+00  1.343464e+02
9.855205e+00  1.333464e+02
9.847630e+00  1.323464e+02
9.840063e+00  1.313464e+02
9.832503e+00  1.303464e+02
9.824950e+00  1.293464e+02
9.817402e+00  1.283464e+02
9.809857e+00  1.273464e+02
9.802315e+00  1.263464e+02
9.794775e+00  1.253464e+02
9.787236e+00  1.243464e+02
9.779695e+00  1.233464e+02
9.772153e+00  1.223464e+02
9.764609e+00  1.213464e+02
9.757060e+00  1.203464e+02
9.749507e+00  1.193464e+02
9.741947e+00  1.183464e+02
9.734380e+00  1.173464e+02
9.726805e+00  1.163464e+02
9.719221e+00  1.153464e+02
9.711626e+00  1.143464e+02
9.704020e+00  1.133464e+02
9.696401e+00  1.123464e+02
9.688769e+00  1.113464e+02
9.681121e+00  1.103464e+02
9.673457e+00  1.093464e+02
9.665777e+00  1.083464e+02
9.658078e+00  1.073464e+02
9.650359e+00  1.063464e+02
9.642620e+00  1.053464e+02
9.634858e+00  1.043464e+02
9.627074e+00  1.033464e+02
9.619265e+00  1.023464e+02
9.611430e+00  1.013464e+02
9.603568e+00  1.003464e+02
9.595678e+00  9.934639e+01
9.587758e+00  9.834639e+01
9.579806e+00  9.734639e+01
9.571822e+00  9.634639e+01
9.563805e+00  9.534639e+01
9.555751e+00  9.434639e+01
9.547660e+00  9.334639e+01
9.539531e+00  9.234639e+01
9.531361e+00  9.134639e+01
9.523150e+00  9.034639e+01
9.514894e+00  8.934639e+01
9.506593e+00  8.834639e+01
9.498244e+00  8.734639e+01
9.489846e+00  8.634639e+01
9.481397e+00  8.534639e+01
9.472894e+00  8.434639e+01
9.464336e+00  8.334639e+01
9.455720e+00  8.234639e+01
9.447044e+00  8.134639e+01
9.438306e+00  8.034639e+01
9.429503e+00  7.934639e+01
9.420632e+00  7.834639e+01
9.411691e+00  7.734639e+01
9.402676e+00  7.634639e+01
9.393586e+00  7.534639e+01
9.384417e+00  7.434639e+01
9.375165e+00  7.334639e+01
9.365827e+00  7.234639e+01
9.356400e+00  7.134639e+01
9.346880e+00  7.034639e+01
9.337263e+00  6.934639e+01
9.327544e+00  6.834639e+01
9.317719e+00  6.734639e+01
9.307784e+00  6.634639e+01
9.297734e+00  6.534639e+01
9.287562e+00  6.434639e+01
9.277265e+00  6.334639e+01
9.266835e+00  6.234639e+01
9.256266e+00  6.134639e+01
9.245552e+00  6.034639e+01
9.234686e+00  5.934639e+01
9.223659e+00  5.834639e+01
9.212463e+00  5.734639e+01
9.201089e+00  5.634639e+01
9.189528e+00  5.534639e+01
9.177769e+00  5.434639e+01
9.165801e+00  5.334639e+01
9.153611e+00  5.234639e+01
9.141186e+00  5.134639e+01
9.128511e+00  5.034639e+01
9.115571e+00  4.934639e+01
9.102347e+00  4.834639e+01
9.088820e+00  4.734639e+01
9.074968e+00  4.634639e+01
9.060768e+00  4.534639e+01
9.046193e+00  4.434639e+01
9.031213e+00  4.334639e+01
9.015793e+00  4.234639e+01
8.999895e+00  4.134639e+01
8.983476e+00  4.034639e+01
8.966485e+00  3.934639e+01
8.948863e+00  3.834639e+01
8.930543e+00  3.734639e+01
8.911445e+00  3.634639e+01
8.891472e+00  3.534639e+01
8.870510e+00  3.434639e+01
8.848418e+00  3.334639e+01
8.825023e+00  3.234639e+01
8.800103e+00  3.134639e+01
8.773373e+00  3.034639e+01
8.744456e+00  2.934639e+01
8.712833e+00  2.834639e+01
8.677760e+00  2.734639e+01
8.638114e+00  2.634639e+01
8.592064e+00  2.534639e+01
8.536266e+00  2.434639e+01
8.463400e+00  2.334639e+01
8.350079e+00  2.234639e+01
1.078211e+01  2.013464e+02
1.081944e+01  2.003464e+02
1.084813e+01  1.993464e+02
1.087237e+01  1.983464e+02
1.089377e+01  1.973464e+02
1.091317e+01  1.963464e+02
1.093105e+01  1.953464e+02
1.094774e+01  1.943464e+02
1.096346e+01  1.933464e+02
1.097836e+01  1.923464e+02
1.099258e+01  1.913464e+02
1.100620e+01  1.903464e+02
1.101930e+01  1.893464e+02
1.103195e+01  1.883464e+02
1.104418e+01  1.873464e+02
1.105605e+01  1.863464e+02
1.106759e+01  1.853464e+02
1.107883e+01  1.843464e+02
1.108979e+01  1.833464e+02
1.110051e+01  1.823464e+02
1.111099e+01  1.813464e+02
1.112126e+01  1.803464e+02
1.113133e+01  1.793464e+02
1.114121e+01  1.783464e+02
1.115092e+01  1.773464e+02
1.116048e+01  1.763464e+02
1.116988e+01  1.753464e+02
1.117914e+01  1.743464e+02
1.118826e+01  1.733464e+02
1.119726e+01  1.723464e+02
1.120615e+01  1.713464e+02
1.121492e+01  1.703464e+02
1.122359e+01  1.693464e+02
1.123215e+01  1.683464e+02
1.124062e+01  1.673464e+02
1.124901e+01  1.663464e+02
1.125730e+01  1.653464e+02
1.126552e+01  1.643464e+02
1.127365e+01  1.633464e+02
1.128172e+01  1.623464e+02
1.128971e+01  1.613464e+02
1.129764e+01  1.603464e+02
1.130550e+01  1.593464e+02
1.131331e+01  1.583464e+02
1.132105e+01  1.573464e+02
1.132874e+01  1.563464e+02
1.133637e+01  1.553464e+02
1.134396e+01  1.543464e+02
1.135150e+01  1.533464e+02
1.135899e+01  1.523464e+02
1.136644e+01  1.513464e+02
1.137384e+01  1.503464e+02
1.138120e+01  1.493464e+02
1.138853e+01  1.483464e+02
1.139582e+01  1.473464e+02
1.140308e+01  1.463464e+02
1.141030e+01  1.453464e+02
1.141749e+01  1.443464e+02
1.142464e+01  1.433464e+02
1.143177e+01  1.423464e+02
1.143888e+01  1.413464e+02
1.144595e+01  1.403464e+02
1.145301e+01  1.393464e+02
1.146003e+01  1.383464e+02
1.146704e+01  1.373464e+02
1.147402e+01  1.363464e+02
1.148099e+01  1.353464e+02
1.148794e+01  1.343464e+02
1.149486e+01  1.333464e+02
1.150178e+01  1.323464e+02
1.150867e+01  1.313464e+02
1.151555e+01  1.303464e+02
1.152242e+01  1.293464e+02
1.152928e+01  1.283464e+02
1.153612e+01  1.273464e+02
1.154296e+01  1.263464e+02
1.154978e+01  1.253464e+02
1.155660e+01  1.243464e+02
1.156341e+01  1.233464e+02
1.157021e+01  1.223464e+02
1.157701e+01  1.213464e+02
1.158380e+01  1.203464e+02
1.159059e+01  1.193464e+02
1.159737e+01  1.183464e+02
1.160416e+01  1.173464e+02
1.161094e+01  1.163464e+02
1.161772e+01  1.153464e+02
1.162450e+01  1.143464e+02
1.163129e+01  1.133464e+02
1.163807e+01  1.123464e+02
1.164486e+01  1.113464e+02
1.165165e+01  1.103464e+02
1.165845e+01  1.093464e+02
1.166526e+01  1.083464e+02
1.167207e+01  1.073464e+02
1.167889e+01  1.063464e+02
1.168571e+01  1.053464e+02
1.169255e+01  1.043464e+02
1.169940e+01  1.033464e+02
1.170625e+01  1.023464e+02
1.171312e+01  1.013464e+02
1.172001e+01  1.003464e+02
1.172691e+01  9.934639e+01
1.173382e+01  9.834639e+01
1.174075e+01  9.734639e+01
1.174770e+01  9.634639e+01
1.175466e+01  9.534639e+01
1.176165e+01  9.434639e+01
1.176865e+01  9.334639e+01
1.177568e+01  9.234639e+01
1.178273e+01  9.134639e+01
1.178980e+01  9.034639e+01
1.179690e+01  8.934639e+01
1.180402e+01  8.834639e+01
1.181117e+01  8.734639e+01
1.181835e+01  8.634639e+01
1.182556e+01  8.534639e+01
1.183280e+01  8.434639e+01
1.184008e+01  8.334639e+01
1.184739e+01  8.234639e+01
1.185473e+01  8.134639e+01
1.186212e+01  8.034639e+01
1.186954e+01  7.934639e+01
1.187700e+01  7.834639e+01
1.188450e+01  7.734639e+01
1.189205e+01  7.634639e+01
1.189965e+01  7.534639e+01
1.190729e+01  7.434639e+01
1.191498e+01  7.334639e+01
1.192272e+01  7.234639e+01
1.193052e+01  7.134639e+01
1.193838e+01  7.034639e+01
1.194629e+01  6.934639e+01
1.195427e+01  6.834639e+01
1.196231e+01  6.734639e+01
1.197042e+01  6.634639e+01
1.197860e+01  6.534639e+01
1.198685e+01  6.434639e+01
1.199517e+01  6.334639e+01
1.200358e+01  6.234639e+01
1.201207e+01  6.134639e+01
1.202065e+01  6.034639e+01
1.202932e+01  5.934639e+01
1.203809e+01  5.834639e+01
1.204696e+01  5.734639e+01
1.205594e+01  5.634639e+01
1.206502e+01  5.534639e+01
1.207423e+01  5.434639e+01
1.208356e+01  5.334639e+01
1.209302e+01  5.234639e+01
1.210261e+01  5.134639e+01
1.211236e+01  5.034639e+01
1.212226e+01  4.934639e+01
1.213232e+01  4.834639e+01
1.214256e+01  4.734639e+01
1.215298e+01  4.634639e+01
1.216360e+01  4.534639e+01
1.217444e+01  4.434639e+01
1.218550e+01  4.334639e+01
1.219681e+01  4.234639e+01
1.220839e+01  4.134639e+01
1.222025e+01  4.034639e+01
1.223242e+01  3.934639e+01
1.224494e+01  3.834639e+01
1.225783e+01  3.734639e+01
1.227113e+01  3.634639e+01
1.228488e+01  3.534639e+01
1.229915e+01  3.434639e+01
1.231399e+01  3.334639e+01
1.232948e+01  3.234639e+01
1.234573e+01  3.134639e+01
1.236284e+01  3.034639e+01
1.238099e+01  2.934639e+01
1.240038e+01  2.834639e+01
1.242131e+01  2.734639e+01
1.244421e+01  2.634639e+01
1.246975e+01  2.534639e+01
1.249910e+01  2.434639e+01
1.253463e+01  2.334639e+01
1.258309e+01  2.234639e+01
1.716384e+01  2.781027e+01
1.675037e+01  2.681027e+01
1.657876e+01  2.581027e+01
1.643827e+01  2.481027e+01
1.630637e+01  2.381027e+01
1.616738e+01  2.281027e+01
1.597955e+01  2.181027e+01
1.766543e+01  2.681027e+01
1.795344e+01  2.581027e+01
1.826371e+01  2.481027e+01
1.870511e+01  2.381027e+01
1.402012e+01  6.311815e+01
1.387262e+01  6.211815e+01
1.381163e+01  6.111815e+01
1.376461e+01  6.011815e+01
1.372471e+01  5.911815e+01
1.368929e+01  5.811815e+01
1.365699e+01  5.711815e+01
1.362701e+01  5.611815e+01
1.359883e+01  5.511815e+01
1.357208e+01  5.411815e+01
1.354649e+01  5.311815e+01
1.352186e+01  5.211815e+01
1.349803e+01  5.111815e+01
1.347488e+01  5.011815e+01
1.345228e+01  4.911815e+01
1.343017e+01  4.811815e+01
1.340845e+01  4.711815e+01
1.338707e+01  4.611815e+01
1.336595e+01  4.511815e+01
1.334505e+01  4.411815e+01
1.332431e+01  4.311815e+01
1.330369e+01  4.211815e+01
1.328313e+01  4.111815e+01
1.326259e+01  4.011815e+01
1.324202e+01  3.911815e+01
1.322137e+01  3.811815e+01
1.320060e+01  3.711815e+01
1.317964e+01  3.611815e+01
1.315844e+01  3.511815e+01
1.313693e+01  3.411815e+01
1.311502e+01  3.311815e+01
1.309263e+01  3.211815e+01
1.306964e+01  3.111815e+01
1.304591e+01  3.011815e+01
1.302127e+01  2.911815e+01
1.299549e+01  2.811815e+01
1.296822e+01  2.711815e+01
1.293900e+01  2.611815e+01
1.290705e+01  2.511815e+01
1.287104e+01  2.411815e+01
1.282806e+01  2.311815e+01
1.276864e+01  2.211815e+01
1.417103e+01  6.211815e+01
1.423550e+01  6.111815e+01
1.428608e+01  6.011815e+01
1.432962e+01  5.911815e+01
1.436877e+01  5.811815e+01
1.440488e+01  5.711815e+01
1.443876e+01  5.611815e+01
1.447095e+01  5.511815e+01
1.450181e+01  5.411815e+01
1.453161e+01  5.311815e+01
1.456058e+01  5.211815e+01
1.458886e+01  5.111815e+01
1.461660e+01  5.011815e+01
1.464391e+01  4.911815e+01
1.467090e+01  4.811815e+01
1.469764e+01  4.711815e+01
1.472422e+01  4.611815e+01
1.475070e+01  4.511815e+01
1.477717e+01  4.411815e+01
1.480367e+01  4.311815e+01
1.483029e+01  4.211815e+01
1.485709e+01  4.111815e+01
1.488414e+01  4.011815e+01
1.491150e+01  3.911815e+01
1.493926e+01  3.811815e+01
1.496750e+01  3.711815e+01
1.499632e+01  3.611815e+01
1.502583e+01  3.511815e+01
1.505615e+01  3.411815e+01
1.508742e+01  3.311815e+01
1.511984e+01  3.211815e+01
1.515361e+01  3.111815e+01
1.518902e+01  3.011815e+01
1.522642e+01  2.911815e+01
1.526630e+01  2.811815e+01
1.530934e+01  2.711815e+01
1.535656e+01  2.611815e+01
1.540956e+01  2.511815e+01
1.547127e+01  2.411815e+01
1.554798e+01  2.311815e+01
1.566059e+01  2.211815e+01
1.069208e+01  2.023464e+02
1.060167e+01  2.013464e+02
1.056397e+01  2.003464e+02
1.053490e+01  1.993464e+02
1.051027e+01  1.983464e+02
1.048848e+01  1.973464e+02
1.046869e+01  1.963464e+02
1.045042e+01  1.953464e+02
1.043333e+01  1.943464e+02
1.041722e+01  1.933464e+02
1.040191e+01  1.923464e+02
1.038729e+01  1.913464e+02
1.037327e+01  1.903464e+02
1.035975e+01  1.893464e+02
1.034670e+01  1.883464e+02
1.033405e+01  1.873464e+02
1.032176e+01  1.863464e+02
1.030980e+01  1.853464e+02
1.029813e+01  1.843464e+02
1.028674e+01  1.833464e+02
1.027560e+01  1.823464e+02
1.026468e+01  1.813464e+02
1.025398e+01  1.803464e+02
1.024347e+01  1.793464e+02
1.023314e+01  1.783464e+02
1.022298e+01  1.773464e+02
1.021298e+01  1.763464e+02
1.020313e+01  1.753464e+02
1.019341e+01  1.743464e+02
1.018382e+01  1.733464e+02
1.017436e+01  1.723464e+02
1.016501e+01  1.713464e+02
1.015576e+01  1.703464e+02
1.014662e+01  1.693464e+02
1.013758e+01  1.683464e+02
1.012862e+01  1.673464e+02
1.011976e+01  1.663464e+02
1.011097e+01  1.653464e+02
1.010226e+01  1.643464e+02
1.009362e+01  1.633464e+02
1.008506e+01  1.623464e+02
1.007656e+01  1.613464e+02
1.006812e+01  1.603464e+02
1.005974e+01  1.593464e+02
1.005142e+01  1.583464e+02
1.004315e+01  1.573464e+02
1.003493e+01  1.563464e+02
1.002676e+01  1.553464e+02
1.001864e+01  1.543464e+02
1.001056e+01  1.533464e+02
1.000252e+01  1.523464e+02
9.994519e+00  1.513464e+02
9.986557e+00  1.503464e+02
9.978630e+00  1.493464e+02
9.970736e+00  1.483464e+02
9.962873e+00  1.473464e+02
9.955040e+00  1.463464e+02
9.947236e+00  1.453464e+02
9.939457e+00  1.443464e+02
9.931703e+00  1.433464e+02
9.923973e+00  1.423464e+02
9.916264e+00  1.413464e+02
9.908575e+00  1.403464e+02
9.900905e+00  1.393464e+02
9.893253e+00  1.383464e+02
9.885616e+00  1.373464e+02
9.877994e+00  1.363464e+02
9.870386e+00  1.353464e+02
9.862790e+00  1.343464e+02
9.855205e+00  1.333464e+02
9.847630e+00  1.323464e+02
9.840063e+00  1.313464e+02
9.832503e+00  1.303464e+02
9.824950e+00  1.293464e+02
9.817402e+00  1.283464e+02
9.809857e+00  1.273464e+02
9.802315e+00  1.263464e+02
9.794775e+00  1.253464e+02
9.787236e+00  1.243464e+02
9.779695e+00  1.233464e+02
9.772153e+00  1.223464e+02
9.764609e+00  1.213464e+02
9.757060e+00  1.203464e+02
9.749507e+00  1.193464e+02
9.741947e+00  1.183464e+02
9.734380e+00  1.173464e+02
9.726805e+00  1.163464e+02
9.719221e+00  1.153464e+02
9.711626e+00  1.143464e+02
9.704020e+00  1.133464e+02
9.696401e+00  1.123464e+02
9.688769e+00  1.113464e+02
9.681121e+00  1.103464e+02
9.673457e+00  1.093464e+02
9.665777e+00  1.083464e+02
9.658078e+00  1.073464e+02
9.650359e+00  1.063464e+02
9.642620e+00  1.053464e+02
9.634858e+00  1.043464e+02
9.627074e+00  1.033464e+02
9.619265e+00  1.023464e+02
9.611430e+00  1.013464e+02
9.603568e+00  1.003464e+02
9.595678e+00  9.934639e+01
9.587758e+00  9.834639e+01
9.579806e+00  9.734639e+01
9.571822e+00  9.634639e+01
9.563805e+00  9.534639e+01
9.555751e+00  9.434639e+01
9.547660e+00  9.334639e+01
9.539531e+00  9.234639e+01
9.531361e+00  9.134639e+01
9.523150e+00  9.034639e+01
9.514894e+00  8.934639e+01
9.506593e+00  8.834639e+01
9.498244e+00  8.734639e+01
9.489846e+00  8.634639e+01
9.481397e+00  8.534639e+01
9.472894e+00  8.434639e+01
9.464336e+00  8.334639e+01
9.455720e+00  8.234639e+01
9.447044e+00  8.134639e+01
9.438306e+00  8.034639e+01
9.429503e+00  7.934639e+01
9.420632e+00  7.834639e+01
9.411691e+00  7.734639e+01
9.402676e+00  7.634639e+01
9.393586e+00  7.534639e+01
9.384417e+00  7.434639e+01
9.375165e+00  7.334639e+01
9.365827e+00  7.234639e+01
9.356400e+00  7.134639e+01
9.346880e+00  7.034639e+01
9.337263e+00  6.934639e+01
9.327544e+00  6.834639e+01
9.317719e+00  6.734639e+01
9.307784e+00  6.634639e+01
9.297734e+00  6.534639e+01
9.287562e+00  6.434639e+01
9.277265e+00  6.334639e+01
9.266835e+00  6.234639e+01
9.256266e+00  6.134639e+01
9.245552e+00  6.034639e+01
9.234686e+00  5.934639e+01
9.223659e+00  5.834639e+01
9.212463e+00  5.734639e+01
9.201089e+00  5.634639e+01
9.189528e+00  5.534639e+01
9.177769e+00  5.434639e+01
9.165801e+00  5.334639e+01
9.153611e+00  5.234639e+01
9.141186e+00  5.134639e+01
9.128511e+00  5.034639e+01
9.115571e+00  4.934639e+01
9.102347e+00  4.834639e+01
9.088820e+00  4.734639e+01
9.074968e+00  4.634639e+01
9.060768e+00  4.534639e+01
9.046193e+00  4.434639e+01
9.031213e+00  4.334639e+01
9.015793e+00  4.234639e+01
8.999895e+00  4.134639e+01
8.983476e+00  4.034639e+01
8.966485e+00  3.934639e+01
8.948863e+00  3.834639e+01
8.930543e+00  3.734639e+01
8.911445e+00  3.634639e+01
8.891472e+00  3.534639e+01
8.870510e+00  3.434639e+01
8.848418e+00  3.334639e+01
8.825023e+00  3.234639e+01
8.800103e+00  3.134639e+01
8.773373e+00  3.034639e+01
8.744456e+00  2.934639e+01
8.712833e+00  2.834639e+01
8.677760e+00  2.734639e+01
8.638114e+00  2.634639e+01
8.592064e+00  2.534639e+01
8.536266e+00  2.434639e+01
8.463400e+00  2.334639e+01
8.350079e+00  2.234639e+01
1.078211e+01  2.013464e+02
1.081944e+01  2.003464e+02
1.084813e+01  1.993464e+02
1.087237e+01  1.983464e+02
1.089377e+01  1.973464e+02
1.091317e+01  1.963464e+02
1.093105e+01  1.953464e+02
1.094774e+01  1.943464e+02
1.096346e+01  1.933464e+02
1.097836e+01  1.923464e+02
1.099258e+01  1.913464e+02
1.100620e+01  1.903464e+02
1.101930e+01  1.893464e+02
1.103195e+01  1.883464e+02
1.104418e+01  1.873464e+02
1.105605e+01  1.863464e+02
1.106759e+01  1.853464e+02
1.107883e+01  1.843464e+02
1.108979e+01  1.833464e+02
1.110051e+01  1.823464e+02
1.111099e+01  1.813464e+02
1.112126e+01  1.803464e+02
1.113133e+01  1.793464e+02
1.114121e+01  1.783464e+02
1.115092e+01  1.773464e+02
1.116048e+01  1.763464e+02
1.116988e+01  1.753464e+02
1.117914e+01  1.743464e+02
1.118826e+01  1.733464e+02
1.119726e+01  1.723464e+02
1.120615e+01  1.713464e+02
1.121492e+01  1.703464e+02
1.122359e+01  1.693464e+02
1.123215e+01  1.683464e+02
1.124062e+01  1.673464e+02
1.124901e+01  1.663464e+02
1.125730e+01  1.653464e+02
1.126552e+01  1.643464e+02
1.127365e+01  1.633464e+02
1.128172e+01  1.623464e+02
1.128971e+01  1.613464e+02
1.129764e+01  1.603464e+02
1.130550e+01  1.593464e+02
1.131331e+01  1.583464e+02
1.132105e+01  1.573464e+02
1.132874e+01  1.563464e+02
1.133637e+01  1.553464e+02
1.134396e+01  1.543464e+02
1.135150e+01  1.533464e+02
1.135899e+01  1.523464e+02
1.136644e+01  1.513464e+02
1.137384e+01  1.503464e+02
1.138120e+01  1.493464e+02
1.138853e+01  1.483464e+02
1.139582e+01  1.473464e+02
1.140308e+01  1.463464e+02
1.141030e+01  1.453464e+02
1.141749e+01  1.443464e+02
1.142464e+01  1.433464e+02
1.143177e+01  1.423464e+02
1.143888e+01  1.413464e+02
1.144595e+01  1.403464e+02
1.145301e+01  1.393464e+02
1.146003e+01  1.383464e+02
1.146704e+01  1.373464e+02
1.147402e+01  1.363464e+02
1.148099e+01  1.353464e+02
1.148794e+01  1.343464e+02
1.149486e+01  1.333464e+02
1.150178e+01  1.323464e+02
1.150867e+01  1.313464e+02
1.151555e+01  1.303464e+02
1.152242e+01  1.293464e+02
1.152928e+01  1.283464e+02
1.153612e+01  1.273464e+02
1.154296e+01  1.263464e+02
1.154978e+01  1.253464e+02
1.155660e+01  1.243464e+02
1.156341e+01  1.233464e+02
1.157021e+01  1.223464e+02
1.157701e+01  1.213464e+02
1.158380e+01  1.203464e+02
1.159059e+01  1.193464e+02
1.159737e+01  1.183464e+02
1.160416e+01  1.173464e+02
1.161094e+01  1.163464e+02
1.161772e+01  1.153464e+02
1.162450e+01  1.143464e+02
1.163129e+01  1.133464e+02
1.163807e+01  1.123464e+02
1.164486e+01  1.113464e+02
1.165165e+01  1.103464e+02
1.165845e+01  1.093464e+02
1.166526e+01  1.083464e+02
1.167207e+01  1.073464e+02
1.167889e+01  1.063464e+02
1.168571e+01  1.053464e+02
1.169255e+01  1.043464e+02
1.169940e+01  1.033464e+02
1.170625e+01  1.023464e+02
1.171312e+01  1.013464e+02
1.172001e+01  1.003464e+02
1.172691e+01  9.934639e+01
1.173382e+01  9.834639e+01
1.174075e+01  9.734639e+01
1.174770e+01  9.634639e+01
1.175466e+01  9.534639e+01
1.176165e+01  9.434639e+01
1.176865e+01  9.334639e+01
1.177568e+01  9.234639e+01
1.178273e+01  9.134639e+01
1.178980e+01  9.034639e+01
1.179690e+01  8.934639e+01
1.180402e+01  8.834639e+01
1.181117e+01  8.734639e+01
1.181835e+01  8.634639e+01
1.182556e+01  8.534639e+01
1.183280e+01  8.434639e+01
1.184008e+01  8.334639e+01
1.184739e+01  8.234639e+01
1.185473e+01  8.134639e+01
1.186212e+01  8.034639e+01
1.186954e+01  7.934639e+01
1.187700e+01  7.834639e+01
1.188450e+01  7.734639e+01
1.189205e+01  7.634639e+01
1.189965e+01  7.534639e+01
1.190729e+01  7.434639e+01
1.191498e+01  7.334639e+01
1.192272e+01  7.234639e+01
1.193052e+01  7.134639e+01
1.193838e+01  7.034639e+01
1.194629e+01  6.934639e+01
1.195427e+01  6.834639e+01
1.196231e+01  6.734639e+01
1.197042e+01  6.634639e+01
1.197860e+01  6.534639e+01
1.198685e+01  6.434639e+01
1.199517e+01  6.334639e+01
1.200358e+01  6.234639e+01
1.201207e+01  6.134639e+01
1.202065e+01  6.034639e+01
1.202932e+01  5.934639e+01
1.203809e+01  5.834639e+01
1.204696e+01  5.734639e+01
1.205594e+01  5.634639e+01
1.206502e+01  5.534639e+01
1.207423e+01  5.434639e+01
1.208356e+01  5.334639e+01
1.209302e+01  5.234639e+01
1.210261e+01  5.134639e+01
1.211236e+01  5.034639e+01
1.212226e+01  4.934639e+01
1.213232e+01  4.834639e+01
1.214256e+01  4.734639e+01
1.215298e+01  4.634639e+01
1.216360e+01  4.534639e+01
1.217444e+01  4.434639e+01
1.218550e+01  4.334639e+01
1.219681e+01  4.234639e+01
1.220839e+01  4.134639e+01
1.222025e+01  4.034639e+01
1.223242e+01  3.934639e+01
1.224494e+01  3.834639e+01
1.225783e+01  3.734639e+01
1.227113e+01  3.634639e+01
1.228488e+01  3.534639e+01
1.229915e+01  3.434639e+01
1.231399e+01  3.334639e+01
1.232948e+01  3.234639e+01
1.234573e+01  3.134639e+01
1.236284e+01  3.034639e+01
1.238099e+01  2.934639e+01
1.240038e+01  2.834639e+01
1.242131e+01  2.734639e+01
1.244421e+01  2.634639e+01
1.246975e+01  2.534639e+01
1.249910e+01  2.434639e+01
1.253463e+01  2.334639e+01
1.258309e+01  2.234639e+01
1.374644e+01  1.432359e+02
1.362860e+01  1.422359e+02
1.357969e+01  1.412359e+02
1.354203e+01  1.402359e+02
1.351016e+01  1.392359e+02
1.348197e+01  1.382359e+02
1.345638e+01  1.372359e+02
1.343274e+01  1.362359e+02
1.341064e+01  1.352359e+02
1.338978e+01  1.342359e+02
1.336996e+01  1.332359e+02
1.335102e+01  1.322359e+02
1.333284e+01  1.312359e+02
1.331530e+01  1.302359e+02
1.329835e+01  1.292359e+02
1.328190e+01  1.282359e+02
1.326591e+01  1.272359e+02
1.325033e+01  1.262359e+02
1.323512e+01  1.252359e+02
1.322025e+01  1.242359e+02
1.320568e+01  1.232359e+02
1.319139e+01  1.222359e+02
1.317735e+01  1.212359e+02
1.316355e+01  1.202359e+02
1.314997e+01  1.192359e+02
1.313659e+01  1.182359e+02
1.312340e+01  1.172359e+02
1.311037e+01  1.162359e+02
1.309751e+01  1.152359e+02
1.308479e+01  1.142359e+02
1.307222e+01  1.132359e+02
1.305976e+01  1.122359e+02
1.304743e+01  1.112359e+02
1.303521e+01  1.102359e+02
1.302309e+01  1.092359e+02
1.301107e+01  1.082359e+02
1.299913e+01  1.072359e+02
1.298728e+01  1.062359e+02
1.297550e+01  1.052359e+02
1.296380e+01  1.042359e+02
1.295215e+01  1.032359e+02
1.294057e+01  1.022359e+02
1.292904e+01  1.012359e+02
1.291756e+01  1.002359e+02
1.290613e+01  9.923587e+01
1.289473e+01  9.823587e+01
1.288337e+01  9.723587e+01
1.287205e+01  9.623587e+01
1.286075e+01  9.523587e+01
1.284947e+01  9.423587e+01
1.283822e+01  9.323587e+01
1.282698e+01  9.223587e+01
1.281575e+01  9.123587e+01
1.280453e+01  9.023587e+01
1.279332e+01  8.923587e+01
1.278211e+01  8.823587e+01
1.277089e+01  8.723587e+01
1.275967e+01  8.623587e+01
1.274844e+01  8.523587e+01
1.273720e+01  8.423587e+01
1.272594e+01  8.323587e+01
1.271466e+01  8.223587e+01
1.270336e+01  8.123587e+01
1.269203e+01  8.023587e+01
1.268067e+01  7.923587e+01
1.266928e+01  7.823587e+01
1.265785e+01  7.723587e+01
1.264637e+01  7.623587e+01
1.263485e+01  7.523587e+01
1.262327e+01  7.423587e+01
1.261164e+01  7.323587e+01
1.259996e+01  7.223587e+01
1.258820e+01  7.123587e+01
1.257638e+01  7.023587e+01
1.256449e+01  6.923587e+01
1.255252e+01  6.823587e+01
1.254046e+01  6.723587e+01
1.252832e+01  6.623587e+01
1.251607e+01  6.523587e+01
1.250373e+01  6.423587e+01
1.249128e+01  6.323587e+01
1.247872e+01  6.223587e+01
1.246603e+01  6.123587e+01
1.245322e+01  6.023587e+01
1.244027e+01  5.923587e+01
1.242717e+01  5.823587e+01
1.241392e+01  5.723587e+01
1.240050e+01  5.623587e+01
1.238691e+01  5.523587e+01
1.237313e+01  5.423587e+01
1.235915e+01  5.323587e+01
1.234496e+01  5.223587e+01
1.233055e+01  5.123587e+01
1.231589e+01  5.023587e+01
1.230097e+01  4.923587e+01
1.228578e+01  4.823587e+01
1.227029e+01  4.723587e+01
1.225448e+01  4.623587e+01
1.223833e+01  4.523587e+01
1.222180e+01  4.423587e+01
1.220486e+01  4.323587e+01
1.218748e+01  4.223587e+01
1.216963e+01  4.123587e+01
1.215124e+01  4.023587e+01
1.213228e+01  3.923587e+01
1.211268e+01  3.823587e+01
1.209237e+01  3.723587e+01
1.207127e+01  3.623587e+01
1.204927e+01  3.523587e+01
1.202626e+01  3.423587e+01
1.200209e+01  3.323587e+01
1.197658e+01  3.223587e+01
1.194950e+01  3.123587e+01
1.192055e+01  3.023587e+01
1.188934e+01  2.923587e+01
1.185533e+01  2.823587e+01
1.181773e+01  2.723587e+01
1.177535e+01  2.623587e+01
1.172625e+01  2.523587e+01
1.166680e+01  2.423587e+01
1.158892e+01  2.323587e+01
1.146492e+01  2.223587e+01
1.386495e+01  1.422359e+02
1.391453e+01  1.412359e+02
1.395287e+01  1.402359e+02
1.398542e+01  1.392359e+02
1.401430e+01  1.382359e+02
1.404058e+01  1.372359e+02
1.406492e+01  1.362359e+02
1.408773e+01  1.352359e+02
1.410930e+01  1.342359e+02
1.412983e+01  1.332359e+02
1.414950e+01  1.322359e+02
1.416842e+01  1.312359e+02
1.418669e+01  1.302359e+02
1.420439e+01  1.292359e+02
1.422158e+01  1.282359e+02
1.423833e+01  1.272359e+02
1.425467e+01  1.262359e+02
1.427065e+01  1.252359e+02
1.428630e+01  1.242359e+02
1.430166e+01  1.232359e+02
1.431674e+01  1.222359e+02
1.433158e+01  1.212359e+02
1.434618e+01  1.202359e+02
1.436058e+01  1.192359e+02
1.437478e+01  1.182359e+02
1.438881e+01  1.172359e+02
1.440267e+01  1.162359e+02
1.441638e+01  1.152359e+02
1.442995e+01  1.142359e+02
1.444340e+01  1.132359e+02
1.445672e+01  1.122359e+02
1.446994e+01  1.112359e+02
1.448305e+01  1.102359e+02
1.449607e+01  1.092359e+02
1.450901e+01  1.082359e+02
1.452187e+01  1.072359e+02
1.453465e+01  1.062359e+02
1.454737e+01  1.052359e+02
1.456003e+01  1.042359e+02
1.457264e+01  1.032359e+02
1.458520e+01  1.022359e+02
1.459772e+01  1.012359e+02
1.461020e+01  1.002359e+02
1.462264e+01  9.923587e+01
1.463506e+01  9.823587e+01
1.464746e+01  9.723587e+01
1.465983e+01  9.623587e+01
1.467220e+01  9.523587e+01
1.468455e+01  9.423587e+01
1.469689e+01  9.323587e+01
1.470924e+01  9.223587e+01
1.472158e+01  9.123587e+01
1.473394e+01  9.023587e+01
1.474630e+01  8.923587e+01
1.475868e+01  8.823587e+01
1.477108e+01  8.723587e+01
1.478350e+01  8.623587e+01
1.479594e+01  8.523587e+01
1.480842e+01  8.423587e+01
1.482093e+01  8.323587e+01
1.483348e+01  8.223587e+01
1.484608e+01  8.123587e+01
1.485872e+01  8.023587e+01
1.487141e+01  7.923587e+01
1.488417e+01  7.823587e+01
1.489698e+01  7.723587e+01
1.490986e+01  7.623587e+01
1.492280e+01  7.523587e+01
1.493583e+01  7.423587e+01
1.494893e+01  7.323587e+01
1.496213e+01  7.223587e+01
1.497541e+01  7.123587e+01
1.498879e+01  7.023587e+01
1.500227e+01  6.923587e+01
1.501587e+01  6.823587e+01
1.502958e+01  6.723587e+01
1.504341e+01  6.623587e+01
1.505738e+01  6.523587e+01
1.507148e+01  6.423587e+01
1.508573e+01  6.323587e+01
1.510013e+01  6.223587e+01
1.511469e+01  6.123587e+01
1.512943e+01  6.023587e+01
1.514436e+01  5.923587e+01
1.515947e+01  5.823587e+01
1.517480e+01  5.723587e+01
1.519034e+01  5.623587e+01
1.520611e+01  5.523587e+01
1.522213e+01  5.423587e+01
1.523841e+01  5.323587e+01
1.525498e+01  5.223587e+01
1.527183e+01  5.123587e+01
1.528901e+01  5.023587e+01
1.530653e+01  4.923587e+01
1.532441e+01  4.823587e+01
1.534268e+01  4.723587e+01
1.536137e+01  4.623587e+01
1.538051e+01  4.523587e+01
1.540014e+01  4.423587e+01
1.542030e+01  4.323587e+01
1.544104e+01  4.223587e+01
1.546241e+01  4.123587e+01
1.548447e+01  4.023587e+01
1.550728e+01  3.923587e+01
1.553094e+01  3.823587e+01
1.555552e+01  3.723587e+01
1.558115e+01  3.623587e+01
1.560795e+01  3.523587e+01
1.563608e+01  3.423587e+01
1.566573e+01  3.323587e+01
1.569714e+01  3.223587e+01
1.573063e+01  3.123587e+01
1.576657e+01  3.023587e+01
1.580550e+01  2.923587e+01
1.584814e+01  2.823587e+01
1.589553e+01  2.723587e+01
1.594924e+01  2.623587e+01
1.601186e+01  2.523587e+01
1.608816e+01  2.423587e+01
1.618876e+01  2.323587e+01
1.634926e+01  2.223587e+01
1.374644e+01  1.432359e+02
1.362860e+01  1.422359e+02
1.357969e+01  1.412359e+02
1.354203e+01  1.402359e+02
1.351016e+01  1.392359e+02
1.348197e+01  1.382359e+02
1.345638e+01  1.372359e+02
1.343274e+01  1.362359e+02
1.341064e+01  1.352359e+02
1.338978e+01  1.342359e+02
1.336996e+01  1.332359e+02
1.335102e+01  1.322359e+02
1.333284e+01  1.312359e+02
1.331530e+01  1.302359e+02
1.329835e+01  1.292359e+02
1.328190e+01  1.282359e+02
1.326591e+01  1.272359e+02
1.325033e+01  1.262359e+02
1.323512e+01  1.252359e+02
1.322025e+01  1.242359e+02
1.320568e+01  1.232359e+02
1.319139e+01  1.222359e+02
1.317735e+01  1.212359e+02
1.316355e+01  1.202359e+02
1.314997e+01  1.192359e+02
1.313659e+01  1.182359e+02
1.312340e+01  1.172359e+02
1.311037e+01  1.162359e+02
1.309751e+01  1.152359e+02
1.308479e+01  1.142359e+02
1.307222e+01  1.132359e+02
1.305976e+01  1.122359e+02
1.304743e+01  1.112359e+02
1.303521e+01  1.102359e+02
1.302309e+01  1.092359e+02
1.301107e+01  1.082359e+02
1.299913e+01  1.072359e+02
1.298728e+01  1.062359e+02
1.297550e+01  1.052359e+02
1.296380e+01  1.042359e+02
1.295215e+01  1.032359e+02
1.294057e+01  1.022359e+02
1.292904e+01  1.012359e+02
1.291756e+01  1.002359e+02
1.290613e+01  9.923587e+01
1.289473e+01  9.823587e+01
1.288337e+01  9.723587e+01
1.287205e+01  9.623587e+01
1.286075e+01  9.523587e+01
1.284947e+01  9.423587e+01
1.283822e+01  9.323587e+01
1.282698e+01  9.223587e+01
1.281575e+01  9.123587e+01
1.280453e+01  9.023587e+01
1.279332e+01  8.923587e+01
1.278211e+01  8.823587e+01
1.277089e+01  8.723587e+01
1.275967e+01  8.623587e+01
1.274844e+01  8.523587e+01
1.273720e+01  8.423587e+01
1.272594e+01  8.323587e+01
1.271466e+01  8.223587e+01
1.270336e+01  8.123587e+01
1.269203e+01  8.023587e+01
1.268067e+01  7.923587e+01
1.266928e+01  7.823587e+01
1.265785e+01  7.723587e+01
1.264637e+01  7.623587e+01
1.263485e+01  7.523587e+01
1.262327e+01  7.423587e+01
1.261164e+01  7.323587e+01
1.259996e+01  7.223587e+01
1.258820e+01  7.123587e+01
1.257638e+01  7.023587e+01
1.256449e+01  6.923587e+01
1.255252e+01  6.823587e+01
1.254046e+01  6.723587e+01
1.252832e+01  6.623587e+01
1.251607e+01  6.523587e+01
1.250373e+01  6.423587e+01
1.249128e+01  6.323587e+01
1.247872e+01  6.223587e+01
1.246603e+01  6.123587e+01
1.245322e+01  6.023587e+01
1.244027e+01  5.923587e+01
1.242717e+01  5.823587e+01
1.241392e+01  5.723587e+01
1.240050e+01  5.623587e+01
1.238691e+01  5.523587e+01
1.237313e+01  5.423587e+01
1.235915e+01  5.323587e+01
1.234496e+01  5.223587e+01
1.233055e+01  5.123587e+01
1.231589e+01  5.023587e+01
1.230097e+01  4.923587e+01
1.228578e+01  4.823587e+01
1.227029e+01  4.723587e+01
1.225448e+01  4.623587e+01
1.223833e+01  4.523587e+01
1.222180e+01  4.423587e+01
1.220486e+01  4.323587e+01
1.218748e+01  4.223587e+01
1.216963e+01  4.123587e+01
1.215124e+01  4.023587e+01
1.213228e+01  3.923587e+01
1.211268e+01  3.823587e+01
1.209237e+01  3.723587e+01
1.207127e+01  3.623587e+01
1.204927e+01  3.523587e+01
1.202626e+01  3.423587e+01
1.200209e+01  3.323587e+01
1.197658e+01  3.223587e+01
1.194950e+01  3.123587e+01
1.192055e+01  3.023587e+01
1.188934e+01  2.923587e+01
1.185533e+01  2.823587e+01
1.181773e+01  2.723587e+01
1.177535e+01  2.623587e+01
1.172625e+01  2.523587e+01
1.166680e+01  2.423587e+01
1.158892e+01  2.323587e+01
1.146492e+01  2.223587e+01
1.386495e+01  1.422359e+02
1.391453e+01  1.412359e+02
1.395287e+01  1.402359e+02
1.398542e+01  1.392359e+02
1.401430e+01  1.382359e+02
1.404058e+01  1.372359e+02
1.406492e+01  1.362359e+02
1.408773e+01  1.352359e+02
1.410930e+01  1.342359e+02
1.412983e+01  1.332359e+02
1.414950e+01  1.322359e+02
1.416842e+01  1.312359e+02
1.418669e+01  1.302359e+02
1.420439e+01  1.292359e+02
1.422158e+01  1.282359e+02
1.423833e+01  1.272359e+02
1.425467e+01  1.262359e+02
1.427065e+01  1.252359e+02
1.428630e+01  1.242359e+02
1.430166e+01  1.232359e+02
1.431674e+01  1.222359e+02
1.433158e+01  1.212359e+02
1.434618e+01  1.202359e+02
1.436058e+01  1.192359e+02
1.437478e+01  1.182359e+02
1.438881e+01  1.172359e+02
1.440267e+01  1.162359e+02
1.441638e+01  1.152359e+02
1.442995e+01  1.142359e+02
1.444340e+01  1.132359e+02
1.445672e+01  1.122359e+02
1.446994e+01  1.112359e+02
1.448305e+01  1.102359e+02
1.449607e+01  1.092359e+02
1.450901e+01  1.082359e+02
1.452187e+01  1.072359e+02
1.453465e+01  1.062359e+02
1.454737e+01  1.052359e+02
1.456003e+01  1.042359e+02
1.457264e+01  1.032359e+02
1.458520e+01  1.022359e+02
1.459772e+01  1.012359e+02
1.461020e+01  1.002359e+02
1.462264e+01  9.923587e+01
1.463506e+01  9.823587e+01
1.464746e+01  9.723587e+01
1.465983e+01  9.623587e+01
1.467220e+01  9.523587e+01
1.468455e+01  9.423587e+01
1.469689e+01  9.323587e+01
1.470924e+01  9.223587e+01
1.472158e+01  9.123587e+01
1.473394e+01  9.023587e+01
1.474630e+01  8.923587e+01
1.475868e+01  8.823587e+01
1.477108e+01  8.723587e+01
1.478350e+01  8.623587e+01
1.479594e+01  8.523587e+01
1.480842e+01  8.423587e+01
1.482093e+01  8.323587e+01
1.483348e+01  8.223587e+01
1.484608e+01  8.123587e+01
1.485872e+01  8.023587e+01
1.487141e+01  7.923587e+01
1.488417e+01  7.823587e+01
1.489698e+01  7.723587e+01
1.490986e+01  7.623587e+01
1.492280e+01  7.523587e+01
1.493583e+01  7.423587e+01
1.494893e+01  7.323587e+01
1.496213e+01  7.223587e+01
1.497541e+01  7.123587e+01
1.498879e+01  7.023587e+01
1.500227e+01  6.923587e+01
1.501587e+01  6.823587e+01
1.502958e+01  6.723587e+01
1.504341e+01  6.623587e+01
1.505738e+01  6.523587e+01
1.507148e+01  6.423587e+01
1.508573e+01  6.323587e+01
1.510013e+01  6.223587e+01
1.511469e+01  6.123587e+01
1.512943e+01  6.023587e+01
1.514436e+01  5.923587e+01
1.515947e+01  5.823587e+01
1.517480e+01  5.723587e+01
1.519034e+01  5.623587e+01
1.520611e+01  5.523587e+01
1.522213e+01  5.423587e+01
1.523841e+01  5.323587e+01
1.525498e+01  5.223587e+01
1.527183e+01  5.123587e+01
1.528901e+01  5.023587e+01
1.530653e+01  4.923587e+01
1.532441e+01  4.823587e+01
1.534268e+01  4.723587e+01
1.536137e+01  4.623587e+01
1.538051e+01  4.523587e+01
1.540014e+01  4.423587e+01
1.542030e+01  4.323587e+01
1.544104e+01  4.223587e+01
1.546241e+01  4.123587e+01
1.548447e+01  4.023587e+01
1.550728e+01  3.923587e+01
1.553094e+01  3.823587e+01
1.555552e+01  3.723587e+01
1.558115e+01  3.623587e+01
1.560795e+01  3.523587e+01
1.563608e+01  3.423587e+01
1.566573e+01  3.323587e+01
1.569714e+01  3.223587e+01
1.573063e+01  3.123587e+01
1.576657e+01  3.023587e+01
1.580550e+01  2.923587e+01
1.584814e+01  2.823587e+01
1.589553e+01  2.723587e+01
1.594924e+01  2.623587e+01
1.601186e+01  2.523587e+01
1.608816e+01  2.423587e+01
1.618876e+01  2.323587e+01
1.634926e+01  2.223587e+01
1.374644e+01  1.432359e+02
1.362860e+01  1.422359e+02
1.357969e+01  1.412359e+02
1.354203e+01  1.402359e+02
1.351016e+01  1.392359e+02
1.348197e+01  1.382359e+02
1.345638e+01  1.372359e+02
1.343274e+01  1.362359e+02
1.341064e+01  1.352359e+02
1.338978e+01  1.342359e+02
1.336996e+01  1.332359e+02
1.335102e+01  1.322359e+02
1.333284e+01  1.312359e+02
1.331530e+01  1.302359e+02
1.329835e+01  1.292359e+02
1.328190e+01  1.282359e+02
1.326591e+01  1.272359e+02
1.325033e+01  1.262359e+02
1.323512e+01  1.252359e+02
1.322025e+01  1.242359e+02
1.320568e+01  1.232359e+02
1.319139e+01  1.222359e+02
1.317735e+01  1.212359e+02
1.316355e+01  1.202359e+02
1.314997e+01  1.192359e+02
1.313659e+01  1.182359e+02
1.312340e+01  1.172359e+02
1.311037e+01  1.162359e+02
1.309751e+01  1.152359e+02
1.308479e+01  1.142359e+02
1.307222e+01  1.132359e+02
1.305976e+01  1.122359e+02
1.304743e+01  1.112359e+02
1.303521e+01  1.102359e+02
1.302309e+01  1.092359e+02
1.301107e+01  1.082359e+02
1.299913e+01  1.072359e+02
1.298728e+01  1.062359e+02
1.297550e+01  1.052359e+02
1.296380e+01  1.042359e+02
1.295215e+01  1.032359e+02
1.294057e+01  1.022359e+02
1.292904e+01  1.012359e+02
1.291756e+01  1.002359e+02
1.290613e+01  9.923587e+01
1.289473e+01  9.823587e+01
1.288337e+01  9.723587e+01
1.287205e+01  9.623587e+01
1.286075e+01  9.523587e+01
1.284947e+01  9.423587e+01
1.283822e+01  9.323587e+01
1.282698e+01  9.223587e+01
1.281575e+01  9.123587e+01
1.280453e+01  9.023587e+01
1.279332e+01  8.923587e+01
1.278211e+01  8.823587e+01
1.277089e+01  8.723587e+01
1.275967e+01  8.623587e+01
1.274844e+01  8.523587e+01
1.273720e+01  8.423587e+01
1.272594e+01  8.323587e+01
1.271466e+01  8.223587e+01
1.270336e+01  8.123587e+01
1.269203e+01  8.023587e+01
1.268067e+01  7.923587e+01
1.266928e+01  7.823587e+01
1.265785e+01  7.723587e+01
1.264637e+01  7.623587e+01
1.263485e+01  7.523587e+01
1.262327e+01  7.423587e+01
1.261164e+01  7.323587e+01
1.259996e+01  7.223587e+01
1.258820e+01  7.123587e+01
1.257638e+01  7.023587e+01
1.256449e+01  6.923587e+01
1.255252e+01  6.823587e+01
1.254046e+01  6.723587e+01
1.252832e+01  6.623587e+01
1.251607e+01  6.523587e+01
1.250373e+01  6.423587e+01
1.249128e+01  6.323587e+01
1.247872e+01  6.223587e+01
1.246603e+01  6.123587e+01
1.245322e+01  6.023587e+01
1.244027e+01  5.923587e+01
1.242717e+01  5.823587e+01
1.241392e+01  5.723587e+01
1.240050e+01  5.623587e+01
1.238691e+01  5.523587e+01
1.237313e+01  5.423587e+01
1.235915e+01  5.323587e+01
1.234496e+01  5.223587e+01
1.233055e+01  5.123587e+01
1.231589e+01  5.023587e+01
1.230097e+01  4.923587e+01
1.228578e+01  4.823587e+01
1.227029e+01  4.723587e+01
1.225448e+01  4.623587e+01
1.223833e+01  4.523587e+01
1.222180e+01  4.423587e+01
1.220486e+01  4.323587e+01
1.218748e+01  4.223587e+01
1.216963e+01  4.123587e+01
1.215125e+01  4.023587e+01
1.213228e+01  3.923587e+01
1.211268e+01  3.823587e+01
1.209237e+01  3.723587e+01
1.207127e+01  3.623587e+01
1.204927e+01  3.523587e+01
1.202626e+01  3.423587e+01
1.200209e+01  3.323587e+01
1.197658e+01  3.223587e+01
1.194950e+01  3.123587e+01
1.192055e+01  3.023587e+01
1.188934e+01  2.923587e+01
1.185533e+01  2.823587e+01
1.181773e+01  2.723587e+01
1.177535e+01  2.623587e+01
1.172625e+01  2.523587e+01
1.166680e+01  2.423587e+01
1.158892e+01  2.323587e+01
1.146492e+01  2.223587e+01
1.386495e+01  1.422359e+02
1.391453e+01  1.412359e+02
1.395287e+01  1.402359e+02
1.398542e+01  1.392359e+02
1.401430e+01  1.382359e+02
1.404058e+01  1.372359e+02
1.406492e+01  1.362359e+02
1.408773e+01  1.352359e+02
1.410930e+01  1.342359e+02
1.412983e+01  1.332359e+02
1.414950e+01  1.322359e+02
1.416842e+01  1.312359e+02
1.418669e+01  1.302359e+02
1.420439e+01  1.292359e+02
1.422158e+01  1.282359e+02
1.423833e+01  1.272359e+02
1.425467e+01  1.262359e+02
1.427065e+01  1.252359e+02
1.428630e+01  1.242359e+02
1.430166e+01  1.232359e+02
1.431674e+01  1.222359e+02
1.433158e+01  1.212359e+02
1.434618e+01  1.202359e+02
1.436058e+01  1.192359e+02
1.437478e+01  1.182359e+02
1.438881e+01  1.172359e+02
1.440267e+01  1.162359e+02
1.441638e+01  1.152359e+02
1.442995e+01  1.142359e+02
1.444340e+01  1.132359e+02
1.445672e+01  1.122359e+02
1.446994e+01  1.112359e+02
1.448305e+01  1.102359e+02
1.449607e+01  1.092359e+02
1.450901e+01  1.082359e+02
1.452187e+01  1.072359e+02
1.453465e+01  1.062359e+02
1.454737e+01  1.052359e+02
1.456003e+01  1.042359e+02
1.457264e+01  1.032359e+02
1.458520e+01  1.022359e+02
1.459772e+01  1.012359e+02
1.461020e+01  1.002359e+02
1.462264e+01  9.923587e+01
1.463506e+01  9.823587e+01
1.464746e+01  9.723587e+01
1.465983e+01  9.623587e+01
1.467220e+01  9.523587e+01
1.468455e+01  9.423587e+01
1.469689e+01  9.323587e+01
1.470924e+01  9.223587e+01
1.472158e+01  9.123587e+01
1.473394e+01  9.023587e+01
1.474630e+01  8.923587e+01
1.475868e+01  8.823587e+01
1.477108e+01  8.723587e+01
1.478350e+01  8.623587e+01
1.479594e+01  8.523587e+01
1.480842e+01  8.423587e+01
1.482093e+01  8.323587e+01
1.483348e+01  8.223587e+01
1.484608e+01  8.123587e+01
1.485872e+01  8.023587e+01
1.487141e+01  7.923587e+01
1.488417e+01  7.823587e+01
1.489698e+01  7.723587e+01
1.490986e+01  7.623587e+01
1.492280e+01  7.523587e+01
1.493583e+01  7.423587e+01
1.494893e+01  7.323587e+01
1.496213e+01  7.223587e+01
1.497541e+01  7.123587e+01
1.498879e+01  7.023587e+01
1.500227e+01  6.923587e+01
1.501587e+01  6.823587e+01
1.502958e+01  6.723587e+01
1.504341e+01  6.623587e+01
1.505738e+01  6.523587e+01
1.507148e+01  6.423587e+01
1.508573e+01  6.323587e+01
1.510013e+01  6.223587e+01
1.511469e+01  6.123587e+01
1.512943e+01  6.023587e+01
1.514436e+01  5.923587e+01
1.515947e+01  5.823587e+01
1.517480e+01  5.723587e+01
1.519034e+01  5.623587e+01
1.520611e+01  5.523587e+01
1.522213e+01  5.423587e+01
1.523841e+01  5.323587e+01
1.525498e+01  5.223587e+01
1.527183e+01  5.123587e+01
1.528901e+01  5.023587e+01
1.530653e+01  4.923587e+01
1.532441e+01  4.823587e+01
1.534268e+01  4.723587e+01
1.536137e+01  4.623587e+01
1.538051e+01  4.523587e+01
1.540014e+01  4.423587e+01
1.542030e+01  4.323587e+01
1.544104e+01  4.223587e+01
1.546241e+01  4.123587e+01
1.548447e+01  4.023587e+01
1.550728e+01  3.923587e+01
1.553094e+01  3.823587e+01
1.555552e+01  3.723587e+01
1.558115e+01  3.623587e+01
1.560795e+01  3.523587e+01
1.563608e+01  3.423587e+01
1.566573e+01  3.323587e+01
1.569714e+01  3.223587e+01
1.573063e+01  3.123587e+01
1.576657e+01  3.023587e+01
1.580550e+01  2.923587e+01
1.584814e+01  2.823587e+01
1.589553e+01  2.723587e+01
1.594924e+01  2.623587e+01
1.601186e+01  2.523587e+01
1.608816e+01  2.423587e+01
1.618876e+01  2.323587e+01
1.634926e+01  2.223587e+01
1.716384e+01  2.781027e+01
1.675037e+01  2.681027e+01
1.657876e+01  2.581027e+01
1.643827e+01  2.481027e+01
1.630637e+01  2.381027e+01
1.616738e+01  2.281027e+01
1.597954e+01  2.181027e+01
1.766543e+01  2.681027e+01
1.795344e+01  2.581027e+01
1.826371e+01  2.481027e+01
1.870511e+01  2.381027e+01
1.671364e+01  4.561172e+01
1.643295e+01  4.461172e+01
1.631715e+01  4.361172e+01
1.622719e+01  4.261172e+01
1.615002e+01  4.161172e+01
1.608061e+01  4.061172e+01
1.601634e+01  3.961172e+01
1.595565e+01  3.861172e+01
1.589748e+01  3.761172e+01
1.584105e+01  3.661172e+01
1.578576e+01  3.561172e+01
1.573109e+01  3.461172e+01
1.567658e+01  3.361172e+01
1.562178e+01  3.261172e+01
1.556623e+01  3.161172e+01
1.550941e+01  3.061172e+01
1.545073e+01  2.961172e+01
1.538942e+01  2.861172e+01
1.532449e+01  2.761172e+01
1.525449e+01  2.661172e+01
1.517721e+01  2.561172e+01
1.508878e+01  2.461172e+01
1.498141e+01  2.361172e+01
1.483363e+01  2.261172e+01
1.446067e+01  2.161172e+01
1.701145e+01  4.461172e+01
1.714551e+01  4.361172e+01
1.725502e+01  4.261172e+01
1.735320e+01  4.161172e+01
1.744530e+01  4.061172e+01
1.753420e+01  3.961172e+01
1.762179e+01  3.861172e+01
1.770953e+01  3.761172e+01
1.779872e+01  3.661172e+01
1.789066e+01  3.561172e+01
1.798678e+01  3.461172e+01
1.808883e+01  3.361172e+01
1.819909e+01  3.261172e+01
1.832077e+01  3.161172e+01
1.845879e+01  3.061172e+01
1.862133e+01  2.961172e+01
1.882380e+01  2.861172e+01
1.910029e+01  2.761172e+01
1.954123e+01  2.661172e+01
2.735038e+01  2.161172e+01
1.671364e+01  4.561172e+01
1.643295e+01  4.461172e+01
1.631715e+01  4.361172e+01
1.622719e+01  4.261172e+01
1.615002e+01  4.161172e+01
1.608061e+01  4.061172e+01
1.601634e+01  3.961172e+01
1.595565e+01  3.861172e+01
1.589748e+01  3.761172e+01
1.584105e+01  3.661172e+01
1.578576e+01  3.561172e+01
1.573109e+01  3.461172e+01
1.567658e+01  3.361172e+01
1.562178e+01  3.261172e+01
1.556623e+01  3.161172e+01
1.550941e+01  3.061172e+01
1.545073e+01  2.961172e+01
1.538942e+01  2.861172e+01
1.532449e+01  2.761172e+01
1.525449e+01  2.661172e+01
1.517721e+01  2.561172e+01
1.508878e+01  2.461172e+01
1.498141e+01  2.361172e+01
1.483363e+01  2.261172e+01
1.446067e+01  2.161172e+01
1.701145e+01  4.461172e+01
1.714551e+01  4.361172e+01
1.725502e+01  4.261172e+01
1.735320e+01  4.161172e+01
1.744530e+01  4.061172e+01
1.753420e+01  3.961172e+01
1.762179e+01  3.861172e+01
1.770953e+01  3.761172e+01
1.779872e+01  3.661172e+01
1.789066e+01  3.561172e+01
1.798678e+01  3.461172e+01
1.808883e+01  3.361172e+01
1.819909e+01  3.261172e+01
1.832077e+01  3.161172e+01
1.845879e+01  3.061172e+01
1.862133e+01  2.961172e+01
1.882380e+01  2.861172e+01
1.910029e+01  2.761172e+01
1.954123e+01  2.661172e+01
2.735038e+01  2.161172e+01
1.671364e+01  4.561173e+01
1.643295e+01  4.461173e+01
1.631715e+01  4.361173e+01
1.622719e+01  4.261173e+01
1.615002e+01  4.161173e+01
1.608061e+01  4.061173e+01
1.601634e+01  3.961173e+01
1.595565e+01  3.861173e+01
1.589748e+01  3.761173e+01
1.584105e+01  3.661173e+01
1.578576e+01  3.561173e+01
1.573109e+01  3.461173e+01
1.567658e+01  3.361173e+01
1.562178e+01  3.261173e+01
1.556623e+01  3.161173e+01
1.550942e+01  3.061173e+01
1.545073e+01  2.961173e+01
1.538942e+01  2.861173e+01
1.532449e+01  2.761173e+01
1.525449e+01  2.661173e+01
1.517721e+01  2.561173e+01
1.508878e+01  2.461173e+01
1.498141e+01  2.361173e+01
1.483364e+01  2.261173e+01
1.446067e+01  2.161173e+01
1.701145e+01  4.461173e+01
1.714551e+01  4.361173e+01
1.725502e+01  4.261173e+01
1.735320e+01  4.161173e+01
1.744530e+01  4.061173e+01
1.753420e+01  3.961173e+01
1.762179e+01  3.861173e+01
1.770953e+01  3.761173e+01
1.779872e+01  3.661173e+01
1.789066e+01  3.561173e+01
1.798678e+01  3.461173e+01
1.808883e+01  3.361173e+01
1.819909e+01  3.261173e+01
1.832077e+01  3.161173e+01
1.845879e+01  3.061173e+01
1.862133e+01  2.961173e+01
1.882380e+01  2.861173e+01
1.910029e+01  2.761173e+01
1.954123e+01  2.661173e+01
2.734999e+01  2.161173e+01
