6.831712e+00  1.200160e+02
6.798262e+00  1.190885e+02
6.772269e+00  1.181394e+02
6.750100e+00  1.171792e+02
6.730351e+00  1.162120e+02
6.712305e+00  1.152398e+02
6.695533e+00  1.142639e+02
6.679760e+00  1.132851e+02
6.664790e+00  1.123040e+02
6.650486e+00  1.113208e+02
6.636739e+00  1.103360e+02
6.623468e+00  1.093497e+02
6.610608e+00  1.083621e+02
6.598104e+00  1.073734e+02
6.585913e+00  1.063837e+02
6.573998e+00  1.053931e+02
6.562326e+00  1.044016e+02
6.550872e+00  1.034094e+02
6.539611e+00  1.024165e+02
6.528524e+00  1.014230e+02
6.517591e+00  1.004288e+02
6.506796e+00  9.943407e+01
6.496125e+00  9.843882e+01
6.485564e+00  9.744307e+01
6.475102e+00  9.644684e+01
6.464727e+00  9.545016e+01
6.454429e+00  9.445304e+01
6.444198e+00  9.345551e+01
6.434026e+00  9.245759e+01
6.423903e+00  9.145928e+01
6.413824e+00  9.046059e+01
6.403778e+00  8.946155e+01
6.393760e+00  8.846216e+01
6.383763e+00  8.746242e+01
6.373779e+00  8.646235e+01
6.363802e+00  8.546195e+01
6.353826e+00  8.446122e+01
6.343844e+00  8.346017e+01
6.333851e+00  8.245881e+01
6.323839e+00  8.145713e+01
6.313803e+00  8.045514e+01
6.303737e+00  7.945284e+01
6.293634e+00  7.845023e+01
6.283487e+00  7.744730e+01
6.273291e+00  7.644406e+01
6.263039e+00  7.544050e+01
6.252723e+00  7.443661e+01
6.242337e+00  7.343241e+01
6.231873e+00  7.242787e+01
6.221324e+00  7.142300e+01
6.210681e+00  7.041779e+01
6.199936e+00  6.941222e+01
6.189081e+00  6.840629e+01
6.178105e+00  6.739999e+01
6.166998e+00  6.639331e+01
6.155751e+00  6.538623e+01
6.144350e+00  6.437874e+01
6.132784e+00  6.337081e+01
6.121039e+00  6.236244e+01
6.109100e+00  6.135360e+01
6.096951e+00  6.034426e+01
6.084575e+00  5.933440e+01
6.071952e+00  5.832399e+01
6.059061e+00  5.731299e+01
6.045876e+00  5.630137e+01
6.032372e+00  5.528907e+01
6.018519e+00  5.427605e+01
6.004281e+00  5.326225e+01
5.989619e+00  5.224759e+01
5.974488e+00  5.123201e+01
5.958836e+00  5.021540e+01
5.942601e+00  4.919766e+01
5.925710e+00  4.817866e+01
5.908076e+00  4.715823e+01
5.889593e+00  4.613619e+01
5.870132e+00  4.511229e+01
5.849528e+00  4.408622e+01
5.827575e+00  4.305759e+01
5.803996e+00  4.202589e+01
5.778424e+00  4.099041e+01
5.750339e+00  3.995014e+01
5.718974e+00  3.890358e+01
5.683124e+00  3.784836e+01
5.640704e+00  3.678032e+01
5.587542e+00  3.569099e+01
5.512767e+00  3.455792e+01
5.355094e+00  3.324980e+01
6.988996e+00  1.195510e+02
7.021196e+00  1.184265e+02
7.045925e+00  1.173231e+02
7.066815e+00  1.162302e+02
7.085268e+00  1.151438e+02
7.102003e+00  1.140616e+02
7.117447e+00  1.129826e+02
7.131877e+00  1.119058e+02
7.145485e+00  1.108308e+02
7.158412e+00  1.097571e+02
7.170762e+00  1.086845e+02
7.182617e+00  1.076126e+02
7.194044e+00  1.065412e+02
7.205094e+00  1.054703e+02
7.215812e+00  1.043997e+02
7.226233e+00  1.033292e+02
7.236390e+00  1.022589e+02
7.246308e+00  1.011885e+02
7.256009e+00  1.001180e+02
7.265515e+00  9.904733e+01
7.274843e+00  9.797646e+01
7.284008e+00  9.690531e+01
7.293024e+00  9.583383e+01
7.301905e+00  9.476196e+01
7.310660e+00  9.368966e+01
7.319300e+00  9.261689e+01
7.327836e+00  9.154360e+01
7.336274e+00  9.046975e+01
7.344624e+00  8.939529e+01
7.352893e+00  8.832020e+01
7.361087e+00  8.724443e+01
7.369213e+00  8.616794e+01
7.377277e+00  8.509070e+01
7.385285e+00  8.401265e+01
7.393242e+00  8.293378e+01
7.401153e+00  8.185403e+01
7.409024e+00  8.077337e+01
7.416858e+00  7.969176e+01
7.424661e+00  7.860915e+01
7.432437e+00  7.752550e+01
7.440190e+00  7.644077e+01
7.447925e+00  7.535492e+01
7.455645e+00  7.426789e+01
7.463356e+00  7.317965e+01
7.471060e+00  7.209013e+01
7.478763e+00  7.099929e+01
7.486468e+00  6.990707e+01
7.494179e+00  6.881342e+01
7.501900e+00  6.771827e+01
7.509637e+00  6.662157e+01
7.517392e+00  6.552323e+01
7.525171e+00  6.442320e+01
7.532978e+00  6.332140e+01
7.540818e+00  6.221775e+01
7.548695e+00  6.111216e+01
7.556616e+00  6.000454e+01
7.564585e+00  5.889479e+01
7.572609e+00  5.778281e+01
7.580693e+00  5.666849e+01
7.588844e+00  5.555169e+01
7.597069e+00  5.443229e+01
7.605375e+00  5.331015e+01
7.613772e+00  5.218510e+01
7.622266e+00  5.105696e+01
7.630870e+00  4.992556e+01
7.639592e+00  4.879066e+01
7.648445e+00  4.765204e+01
7.657443e+00  4.650943e+01
7.666601e+00  4.536252e+01
7.675935e+00  4.421099e+01
7.685464e+00  4.305443e+01
7.695212e+00  4.189241e+01
7.705203e+00  4.072440e+01
7.715470e+00  3.954979e+01
7.726046e+00  3.836787e+01
7.736978e+00  3.717774e+01
7.748317e+00  3.597835e+01
7.760132e+00  3.476837e+01
7.772509e+00  3.354609e+01
7.785559e+00  3.230928e+01
7.799438e+00  3.105493e+01
7.814365e+00  2.977875e+01
7.830669e+00  2.847430e+01
7.848895e+00  2.713103e+01
7.870063e+00  2.572926e+01
7.896592e+00  2.422249e+01
7.939613e+00  2.239793e+01
9.115698e+00  2.611321e+02
1.063626e+01  -inf
1.063051e+01  -inf
1.062476e+01  -inf
1.061903e+01  -inf
1.061330e+01  -inf
1.060757e+01  -inf
1.060184e+01  -inf
1.059611e+01  -inf
1.059038e+01  -inf
1.058464e+01  -inf
1.057890e+01  -inf
1.057315e+01  -inf
1.056739e+01  -inf
1.056162e+01  -inf
1.055583e+01  -inf
1.055003e+01  -inf
1.054421e+01  -inf
1.053837e+01  -inf
1.053251e+01  -inf
1.052662e+01  -inf
1.052071e+01  -inf
1.051476e+01  -inf
1.050878e+01  -inf
1.050277e+01  -inf
1.049672e+01  -inf
1.049063e+01  -inf
1.048450e+01  -inf
1.047832e+01  -inf
1.047209e+01  -inf
1.046581e+01  -inf
1.045946e+01  -inf
1.045306e+01  -inf
1.044659e+01  -inf
1.044004e+01  -inf
1.043342e+01  -inf
1.042672e+01  -inf
1.041993e+01  -inf
1.041304e+01  -inf
1.040604e+01  -inf
1.039894e+01  -inf
1.039171e+01  -inf
1.038436e+01  -inf
1.037685e+01  -inf
1.036920e+01  -inf
1.036137e+01  -inf
1.035335e+01  -inf
1.034512e+01  -inf
1.033666e+01  -inf
1.032793e+01  -inf
1.031892e+01  -inf
1.030957e+01  -inf
1.029984e+01  -inf
1.028967e+01  -inf
1.027898e+01  -inf
1.026765e+01  -inf
1.025556e+01  -inf
1.024249e+01  -inf
1.022813e+01  -inf
1.021195e+01  -inf
1.019295e+01  -inf
1.016863e+01  -inf
1.012374e+01  -inf
9.074444e+00  1.179103e+02
9.100570e+00  1.170204e+02
9.120701e+00  1.161113e+02
9.137746e+00  1.151924e+02
9.152830e+00  1.142671e+02
9.166529e+00  1.133375e+02
9.179185e+00  1.124045e+02
9.191021e+00  1.114689e+02
9.202191e+00  1.105313e+02
9.212808e+00  1.095919e+02
9.222956e+00  1.086511e+02
9.232701e+00  1.077090e+02
9.242095e+00  1.067659e+02
9.251181e+00  1.058219e+02
9.259994e+00  1.048770e+02
9.268564e+00  1.039315e+02
9.276914e+00  1.029854e+02
9.285065e+00  1.020387e+02
9.293038e+00  1.010915e+02
9.300846e+00  1.001439e+02
9.308505e+00  9.919593e+01
9.316027e+00  9.824762e+01
9.323422e+00  9.729902e+01
9.330701e+00  9.635016e+01
9.337872e+00  9.540107e+01
9.344944e+00  9.445179e+01
9.351924e+00  9.350234e+01
9.358818e+00  9.255275e+01
9.365633e+00  9.160304e+01
9.372374e+00  9.065323e+01
9.379047e+00  8.970335e+01
9.385656e+00  8.875341e+01
9.392206e+00  8.780343e+01
9.398702e+00  8.685343e+01
9.405146e+00  8.590344e+01
9.411544e+00  8.495345e+01
9.417898e+00  8.400350e+01
9.424212e+00  8.305359e+01
9.430488e+00  8.210375e+01
9.436731e+00  8.115398e+01
9.442942e+00  8.020430e+01
9.449126e+00  7.925472e+01
9.455283e+00  7.830526e+01
9.461418e+00  7.735594e+01
9.467532e+00  7.640676e+01
9.473628e+00  7.545774e+01
9.479708e+00  7.450889e+01
9.485775e+00  7.356024e+01
9.491830e+00  7.261178e+01
9.497877e+00  7.166354e+01
9.503917e+00  7.071554e+01
9.509953e+00  6.976777e+01
9.515987e+00  6.882027e+01
9.522020e+00  6.787305e+01
9.528056e+00  6.692611e+01
9.534096e+00  6.597948e+01
9.540142e+00  6.503318e+01
9.546197e+00  6.408722e+01
9.552264e+00  6.314161e+01
9.558343e+00  6.219639e+01
9.564439e+00  6.125156e+01
9.570552e+00  6.030714e+01
9.576686e+00  5.936317e+01
9.582843e+00  5.841965e+01
9.589026e+00  5.747661e+01
9.595237e+00  5.653408e+01
9.601480e+00  5.559208e+01
9.607757e+00  5.465064e+01
9.614071e+00  5.370979e+01
9.620426e+00  5.276955e+01
9.626825e+00  5.182996e+01
9.633272e+00  5.089105e+01
9.639771e+00  4.995287e+01
9.646325e+00  4.901544e+01
9.652939e+00  4.807881e+01
9.659618e+00  4.714304e+01
9.666367e+00  4.620815e+01
9.673191e+00  4.527422e+01
9.680096e+00  4.434130e+01
9.687089e+00  4.340945e+01
9.694176e+00  4.247875e+01
9.701366e+00  4.154926e+01
9.708668e+00  4.062109e+01
9.716089e+00  3.969431e+01
9.723642e+00  3.876905e+01
9.731338e+00  3.784541e+01
9.739190e+00  3.692354e+01
9.747214e+00  3.600358e+01
9.755428e+00  3.508573e+01
9.763851e+00  3.417017e+01
9.772507e+00  3.325716e+01
9.781424e+00  3.234698e+01
9.790635e+00  3.143995e+01
9.800181e+00  3.053650e+01
9.810111e+00  2.963713e+01
9.820488e+00  2.874246e+01
9.831392e+00  2.785331e+01
9.842929e+00  2.697076e+01
9.855243e+00  2.609626e+01
9.868543e+00  2.523192e+01
9.883146e+00  2.438095e+01
9.899580e+00  2.354868e+01
9.918864e+00  2.274536e+01
9.943532e+00  2.199651e+01
9.988979e+00  2.145679e+01
1.098966e+01  1.487468e+02
1.096458e+01  1.477226e+02
1.094527e+01  1.466988e+02
1.092893e+01  1.456752e+02
1.091447e+01  1.446516e+02
1.090135e+01  1.436280e+02
1.088924e+01  1.426045e+02
1.087791e+01  1.415808e+02
1.086724e+01  1.405571e+02
1.085709e+01  1.395334e+02
1.084740e+01  1.385095e+02
1.083811e+01  1.374856e+02
1.082915e+01  1.364616e+02
1.082049e+01  1.354375e+02
1.081210e+01  1.344132e+02
1.080395e+01  1.333889e+02
1.079601e+01  1.323645e+02
1.078827e+01  1.313399e+02
1.078070e+01  1.303153e+02
1.077330e+01  1.292905e+02
1.076604e+01  1.282655e+02
1.075892e+01  1.272405e+02
1.075192e+01  1.262153e+02
1.074504e+01  1.251900e+02
1.073827e+01  1.241645e+02
1.073160e+01  1.231389e+02
1.072503e+01  1.221132e+02
1.071854e+01  1.210873e+02
1.071213e+01  1.200612e+02
1.070580e+01  1.190350e+02
1.069954e+01  1.180086e+02
1.069334e+01  1.169821e+02
1.068721e+01  1.159554e+02
1.068113e+01  1.149286e+02
1.067512e+01  1.139015e+02
1.066915e+01  1.128743e+02
1.066323e+01  1.118469e+02
1.065736e+01  1.108194e+02
1.065153e+01  1.097916e+02
1.064573e+01  1.087636e+02
1.063998e+01  1.077355e+02
1.063426e+01  1.067071e+02
1.062857e+01  1.056786e+02
1.062292e+01  1.046498e+02
1.061729e+01  1.036209e+02
1.061168e+01  1.025917e+02
1.060611e+01  1.015623e+02
1.060055e+01  1.005326e+02
1.059501e+01  9.950278e+01
1.058950e+01  9.847268e+01
1.058400e+01  9.744234e+01
1.057851e+01  9.641175e+01
1.057304e+01  9.538091e+01
1.056758e+01  9.434981e+01
1.056213e+01  9.331845e+01
1.055669e+01  9.228682e+01
1.055126e+01  9.125492e+01
1.054584e+01  9.022273e+01
1.054041e+01  8.919025e+01
1.053500e+01  8.815748e+01
1.052958e+01  8.712440e+01
1.052416e+01  8.609100e+01
1.051874e+01  8.505729e+01
1.051332e+01  8.402325e+01
1.050790e+01  8.298887e+01
1.050246e+01  8.195415e+01
1.049702e+01  8.091906e+01
1.049158e+01  7.988362e+01
1.048612e+01  7.884779e+01
1.048065e+01  7.781158e+01
1.047516e+01  7.677497e+01
1.046967e+01  7.573795e+01
1.046415e+01  7.470051e+01
1.045862e+01  7.366263e+01
1.045306e+01  7.262430e+01
1.044748e+01  7.158551e+01
1.044188e+01  7.054624e+01
1.043626e+01  6.950646e+01
1.043060e+01  6.846618e+01
1.042492e+01  6.742537e+01
1.041920e+01  6.638400e+01
1.041345e+01  6.534206e+01
1.040766e+01  6.429953e+01
1.040183e+01  6.325638e+01
1.039596e+01  6.221260e+01
1.039004e+01  6.116814e+01
1.038408e+01  6.012299e+01
1.037807e+01  5.907712e+01
1.037200e+01  5.803049e+01
1.036587e+01  5.698306e+01
1.035968e+01  5.593481e+01
1.035342e+01  5.488569e+01
1.034710e+01  5.383565e+01
1.034069e+01  5.278466e+01
1.033421e+01  5.173265e+01
1.032764e+01  5.067957e+01
1.032098e+01  4.962535e+01
1.031422e+01  4.856994e+01
1.030735e+01  4.751325e+01
1.030037e+01  4.645520e+01
1.029326e+01  4.539570e+01
1.028601e+01  4.433464e+01
1.027862e+01  4.327191e+01
1.027107e+01  4.220737e+01
1.026334e+01  4.114087e+01
1.025543e+01  4.007223e+01
1.024730e+01  3.900125e+01
1.023893e+01  3.792771e+01
1.023030e+01  3.685131e+01
1.022138e+01  3.577173e+01
1.021212e+01  3.468857e+01
1.020248e+01  3.360133e+01
1.019240e+01  3.250940e+01
1.018179e+01  3.141197e+01
1.017055e+01  3.030801e+01
1.015855e+01  2.919608e+01
1.014558e+01  2.807416e+01
1.013133e+01  2.693916e+01
1.011531e+01  2.578597e+01
1.009655e+01  2.460497e+01
1.007274e+01  2.337286e+01
1.003217e+01  2.197202e+01
1.111041e+01  1.487564e+02
1.113559e+01  1.477360e+02
1.115501e+01  1.467150e+02
1.117146e+01  1.456936e+02
1.118603e+01  1.446719e+02
1.119926e+01  1.436499e+02
1.121148e+01  1.426277e+02
1.122292e+01  1.416052e+02
1.123371e+01  1.405826e+02
1.124397e+01  1.395597e+02
1.125377e+01  1.385367e+02
1.126319e+01  1.375135e+02
1.127226e+01  1.364901e+02
1.128104e+01  1.354665e+02
1.128955e+01  1.344428e+02
1.129782e+01  1.334188e+02
1.130588e+01  1.323947e+02
1.131374e+01  1.313704e+02
1.132143e+01  1.303459e+02
1.132896e+01  1.293213e+02
1.133634e+01  1.282964e+02
1.134359e+01  1.272714e+02
1.135071e+01  1.262462e+02
1.135772e+01  1.252208e+02
1.136461e+01  1.241953e+02
1.137141e+01  1.231695e+02
1.137812e+01  1.221436e+02
1.138474e+01  1.211174e+02
1.139129e+01  1.200911e+02
1.139775e+01  1.190645e+02
1.140415e+01  1.180378e+02
1.141048e+01  1.170109e+02
1.141675e+01  1.159838e+02
1.142297e+01  1.149564e+02
1.142913e+01  1.139289e+02
1.143524e+01  1.129011e+02
1.144130e+01  1.118732e+02
1.144732e+01  1.108450e+02
1.145329e+01  1.098166e+02
1.145923e+01  1.087880e+02
1.146514e+01  1.077591e+02
1.147101e+01  1.067300e+02
1.147685e+01  1.057007e+02
1.148266e+01  1.046712e+02
1.148844e+01  1.036414e+02
1.149420e+01  1.026113e+02
1.149994e+01  1.015810e+02
1.150566e+01  1.005505e+02
1.151136e+01  9.951969e+01
1.151704e+01  9.848862e+01
1.152270e+01  9.745729e+01
1.152836e+01  9.642569e+01
1.153400e+01  9.539381e+01
1.153963e+01  9.436164e+01
1.154525e+01  9.332919e+01
1.155087e+01  9.229644e+01
1.155648e+01  9.126339e+01
1.156209e+01  9.023003e+01
1.156769e+01  8.919636e+01
1.157330e+01  8.816237e+01
1.157890e+01  8.712805e+01
1.158451e+01  8.609339e+01
1.159012e+01  8.505839e+01
1.159574e+01  8.402305e+01
1.160136e+01  8.298734e+01
1.160699e+01  8.195127e+01
1.161264e+01  8.091482e+01
1.161829e+01  7.987798e+01
1.162396e+01  7.884075e+01
1.162964e+01  7.780311e+01
1.163534e+01  7.676505e+01
1.164106e+01  7.572656e+01
1.164680e+01  7.468764e+01
1.165256e+01  7.364826e+01
1.165834e+01  7.260841e+01
1.166415e+01  7.156808e+01
1.166999e+01  7.052726e+01
1.167586e+01  6.948593e+01
1.168176e+01  6.844407e+01
1.168770e+01  6.740166e+01
1.169367e+01  6.635870e+01
1.169968e+01  6.531515e+01
1.170574e+01  6.427099e+01
1.171184e+01  6.322621e+01
1.171798e+01  6.218079e+01
1.172418e+01  6.113469e+01
1.173043e+01  6.008789e+01
1.173674e+01  5.904036e+01
1.174311e+01  5.799207e+01
1.174955e+01  5.694299e+01
1.175605e+01  5.589309e+01
1.176263e+01  5.484232e+01
1.176928e+01  5.379064e+01
1.177603e+01  5.273800e+01
1.178286e+01  5.168437e+01
1.178978e+01  5.062968e+01
1.179681e+01  4.957388e+01
1.180395e+01  4.851690e+01
1.181121e+01  4.745868e+01
1.181860e+01  4.639912e+01
1.182612e+01  4.533815e+01
1.183380e+01  4.427566e+01
1.184163e+01  4.321155e+01
1.184965e+01  4.214569e+01
1.185786e+01  4.107794e+01
1.186627e+01  4.000814e+01
1.187493e+01  3.893609e+01
1.188384e+01  3.786158e+01
1.189304e+01  3.678435e+01
1.190257e+01  3.570409e+01
1.191247e+01  3.462042e+01
1.192279e+01  3.353289e+01
1.193361e+01  3.244091e+01
1.194500e+01  3.134376e+01
1.195708e+01  3.024047e+01
1.197001e+01  2.912971e+01
1.198402e+01  2.800960e+01
1.199943e+01  2.687730e+01
1.201681e+01  2.572809e+01
1.203721e+01  2.455309e+01
1.206321e+01  2.333086e+01
1.210779e+01  2.195324e+01
1.328509e+01  1.026220e+02
1.329822e+01  1.016030e+02
1.331077e+01  1.005841e+02
1.332284e+01  9.956534e+01
1.333449e+01  9.854662e+01
1.334578e+01  9.752795e+01
1.335675e+01  9.650932e+01
1.336744e+01  9.549070e+01
1.337787e+01  9.447209e+01
1.338808e+01  9.345347e+01
1.339809e+01  9.243483e+01
1.340792e+01  9.141617e+01
1.341759e+01  9.039747e+01
1.342711e+01  8.937873e+01
1.343649e+01  8.835994e+01
1.344575e+01  8.734109e+01
1.345490e+01  8.632218e+01
1.346396e+01  8.530320e+01
1.347292e+01  8.428414e+01
1.348180e+01  8.326500e+01
1.349060e+01  8.224577e+01
1.349934e+01  8.122645e+01
1.350802e+01  8.020703e+01
1.351665e+01  7.918750e+01
1.352523e+01  7.816787e+01
1.353377e+01  7.714811e+01
1.354228e+01  7.612824e+01
1.355076e+01  7.510823e+01
1.355921e+01  7.408809e+01
1.356764e+01  7.306781e+01
1.357606e+01  7.204738e+01
1.358447e+01  7.102680e+01
1.359287e+01  7.000606e+01
1.360128e+01  6.898515e+01
1.360969e+01  6.796407e+01
1.361811e+01  6.694280e+01
1.362654e+01  6.592134e+01
1.363499e+01  6.489969e+01
1.364346e+01  6.387782e+01
1.365196e+01  6.285574e+01
1.366050e+01  6.183344e+01
1.366907e+01  6.081089e+01
1.367769e+01  5.978810e+01
1.368635e+01  5.876505e+01
1.369507e+01  5.774173e+01
1.370385e+01  5.671813e+01
1.371269e+01  5.569423e+01
1.372161e+01  5.467001e+01
1.373060e+01  5.364546e+01
1.373969e+01  5.262057e+01
1.374887e+01  5.159532e+01
1.375815e+01  5.056967e+01
1.376754e+01  4.954362e+01
1.377705e+01  4.851714e+01
1.378670e+01  4.749019e+01
1.379649e+01  4.646276e+01
1.380644e+01  4.543481e+01
1.381655e+01  4.440630e+01
1.382686e+01  4.337719e+01
1.383736e+01  4.234745e+01
1.384809e+01  4.131701e+01
1.385907e+01  4.028582e+01
1.387031e+01  3.925381e+01
1.388186e+01  3.822092e+01
1.389374e+01  3.718704e+01
1.390599e+01  3.615209e+01
1.391867e+01  3.511593e+01
1.393182e+01  3.407842e+01
1.394552e+01  3.303938e+01
1.395985e+01  3.199859e+01
1.397493e+01  3.095577e+01
1.399089e+01  2.991055e+01
1.400793e+01  2.886245e+01
1.402631e+01  2.781078e+01
1.404643e+01  2.675455e+01
1.406890e+01  2.569220e+01
1.409484e+01  2.462096e+01
1.412653e+01  2.353507e+01
1.417106e+01  2.241693e+01
1.285280e+01  1.027603e+02
1.284027e+01  1.017486e+02
1.282831e+01  1.007366e+02
1.281685e+01  9.972427e+01
1.280581e+01  9.871164e+01
1.279514e+01  9.769874e+01
1.278480e+01  9.668557e+01
1.277475e+01  9.567215e+01
1.276496e+01  9.465849e+01
1.275539e+01  9.364459e+01
1.274604e+01  9.263046e+01
1.273688e+01  9.161610e+01
1.272789e+01  9.060152e+01
1.271906e+01  8.958671e+01
1.271036e+01  8.857169e+01
1.270180e+01  8.755644e+01
1.269336e+01  8.654097e+01
1.268503e+01  8.552528e+01
1.267680e+01  8.450937e+01
1.266866e+01  8.349324e+01
1.266061e+01  8.247688e+01
1.265263e+01  8.146029e+01
1.264472e+01  8.044347e+01
1.263688e+01  7.942642e+01
1.262909e+01  7.840914e+01
1.262136e+01  7.739161e+01
1.261367e+01  7.637384e+01
1.260603e+01  7.535582e+01
1.259843e+01  7.433755e+01
1.259086e+01  7.331902e+01
1.258331e+01  7.230023e+01
1.257580e+01  7.128116e+01
1.256830e+01  7.026182e+01
1.256082e+01  6.924219e+01
1.255335e+01  6.822228e+01
1.254589e+01  6.720206e+01
1.253843e+01  6.618153e+01
1.253097e+01  6.516069e+01
1.252351e+01  6.413952e+01
1.251604e+01  6.311801e+01
1.250856e+01  6.209616e+01
1.250107e+01  6.107394e+01
1.249355e+01  6.005135e+01
1.248601e+01  5.902836e+01
1.247844e+01  5.800498e+01
1.247084e+01  5.698118e+01
1.246320e+01  5.595694e+01
1.245552e+01  5.493224e+01
1.244779e+01  5.390706e+01
1.244001e+01  5.288139e+01
1.243216e+01  5.185520e+01
1.242425e+01  5.082846e+01
1.241627e+01  4.980113e+01
1.240821e+01  4.877320e+01
1.240006e+01  4.774463e+01
1.239182e+01  4.671537e+01
1.238347e+01  4.568539e+01
1.237500e+01  4.465464e+01
1.236641e+01  4.362306e+01
1.235767e+01  4.259060e+01
1.234879e+01  4.155719e+01
1.233973e+01  4.052276e+01
1.233049e+01  3.948720e+01
1.232104e+01  3.845044e+01
1.231136e+01  3.741234e+01
1.230141e+01  3.637278e+01
1.229117e+01  3.533158e+01
1.228060e+01  3.428856e+01
1.226965e+01  3.324347e+01
1.225825e+01  3.219602e+01
1.224634e+01  3.114583e+01
1.223380e+01  3.009242e+01
1.222051e+01  2.903513e+01
1.220629e+01  2.797305e+01
1.219086e+01  2.690485e+01
1.217378e+01  2.582842e+01
1.215432e+01  2.474007e+01
1.213088e+01  2.363206e+01
1.209861e+01  2.248076e+01
1.499342e+01  5.209492e+01
1.494360e+01  5.106475e+01
1.490501e+01  5.003328e+01
1.487210e+01  4.900080e+01
1.484271e+01  4.796738e+01
1.481576e+01  4.693305e+01
1.479057e+01  4.589781e+01
1.476672e+01  4.486161e+01
1.474391e+01  4.382442e+01
1.472191e+01  4.278618e+01
1.470053e+01  4.174682e+01
1.467965e+01  4.070627e+01
1.465913e+01  3.966442e+01
1.463888e+01  3.862118e+01
1.461879e+01  3.757641e+01
1.459877e+01  3.652995e+01
1.457873e+01  3.548162e+01
1.455858e+01  3.443120e+01
1.453822e+01  3.337842e+01
1.451753e+01  3.232294e+01
1.449638e+01  3.126433e+01
1.447461e+01  3.020204e+01
1.445202e+01  2.913530e+01
1.442832e+01  2.806308e+01
1.440311e+01  2.698383e+01
1.437576e+01  2.589512e+01
1.434518e+01  2.479268e+01
1.430906e+01  2.366749e+01
1.426028e+01  2.249158e+01
1.523660e+01  5.208097e+01
1.528968e+01  5.104506e+01
1.533164e+01  5.000921e+01
1.536803e+01  4.897306e+01
1.540102e+01  4.793644e+01
1.543171e+01  4.689927e+01
1.546076e+01  4.586144e+01
1.548863e+01  4.482288e+01
1.551563e+01  4.378353e+01
1.554200e+01  4.274331e+01
1.556792e+01  4.170213e+01
1.559357e+01  4.065991e+01
1.561909e+01  3.961656e+01
1.564461e+01  3.857195e+01
1.567025e+01  3.752597e+01
1.569615e+01  3.647846e+01
1.572243e+01  3.542926e+01
1.574925e+01  3.437815e+01
1.577676e+01  3.332488e+01
1.580517e+01  3.226914e+01
1.583472e+01  3.121054e+01
1.586569e+01  3.014857e+01
1.589850e+01  2.908253e+01
1.593369e+01  2.801148e+01
1.597208e+01  2.693403e+01
1.601495e+01  2.584796e+01
1.606460e+01  2.474941e+01
1.612595e+01  2.363027e+01
1.621453e+01  2.246539e+01
8.846491e+00  1.859447e+02
8.820859e+00  1.850526e+02
8.801056e+00  1.841336e+02
8.784255e+00  1.832005e+02
8.769365e+00  1.822585e+02
8.755826e+00  1.813103e+02
8.743305e+00  1.803573e+02
8.731586e+00  1.794005e+02
8.720519e+00  1.784407e+02
8.709995e+00  1.774783e+02
8.699931e+00  1.765137e+02
8.690263e+00  1.755472e+02
8.680941e+00  1.745791e+02
8.671922e+00  1.736096e+02
8.663175e+00  1.726387e+02
8.654669e+00  1.716667e+02
8.646381e+00  1.706936e+02
8.638290e+00  1.697196e+02
8.630379e+00  1.687447e+02
8.622632e+00  1.677689e+02
8.615036e+00  1.667924e+02
8.607578e+00  1.658152e+02
8.600249e+00  1.648374e+02
8.593039e+00  1.638589e+02
8.585938e+00  1.628799e+02
8.578941e+00  1.619004e+02
8.572038e+00  1.609204e+02
8.565225e+00  1.599398e+02
8.558495e+00  1.589589e+02
8.551844e+00  1.579775e+02
8.545265e+00  1.569957e+02
8.538755e+00  1.560135e+02
8.532310e+00  1.550310e+02
8.525925e+00  1.540481e+02
8.519598e+00  1.530649e+02
8.513323e+00  1.520814e+02
8.507100e+00  1.510976e+02
8.500923e+00  1.501135e+02
8.494792e+00  1.491291e+02
8.488702e+00  1.481444e+02
8.482652e+00  1.471595e+02
8.476640e+00  1.461744e+02
8.470662e+00  1.451890e+02
8.464717e+00  1.442034e+02
8.458803e+00  1.432175e+02
8.452918e+00  1.422314e+02
8.447060e+00  1.412452e+02
8.441227e+00  1.402587e+02
8.435418e+00  1.392721e+02
8.429630e+00  1.382852e+02
8.423864e+00  1.372982e+02
8.418115e+00  1.363110e+02
8.412385e+00  1.353236e+02
8.406670e+00  1.343361e+02
8.400970e+00  1.333484e+02
8.395283e+00  1.323605e+02
8.389608e+00  1.313725e+02
8.383943e+00  1.303844e+02
8.378288e+00  1.293961e+02
8.372641e+00  1.284076e+02
8.367001e+00  1.274190e+02
8.361367e+00  1.264303e+02
8.355737e+00  1.254415e+02
8.350111e+00  1.244525e+02
8.344488e+00  1.234634e+02
8.338865e+00  1.224742e+02
8.333243e+00  1.214849e+02
8.327619e+00  1.204954e+02
8.321994e+00  1.195059e+02
8.316365e+00  1.185162e+02
8.310732e+00  1.175264e+02
8.305094e+00  1.165365e+02
8.299449e+00  1.155465e+02
8.293797e+00  1.145565e+02
8.288137e+00  1.135663e+02
8.282466e+00  1.125760e+02
8.276785e+00  1.115856e+02
8.271092e+00  1.105951e+02
8.265386e+00  1.096045e+02
8.259666e+00  1.086139e+02
8.253931e+00  1.076231e+02
8.248179e+00  1.066323e+02
8.242410e+00  1.056413e+02
8.236622e+00  1.046503e+02
8.230813e+00  1.036592e+02
8.224984e+00  1.026680e+02
8.219132e+00  1.016767e+02
8.213255e+00  1.006854e+02
8.207354e+00  9.969397e+01
8.201426e+00  9.870247e+01
8.195471e+00  9.771088e+01
8.189485e+00  9.671922e+01
8.183469e+00  9.572749e+01
8.177420e+00  9.473568e+01
8.171338e+00  9.374379e+01
8.165219e+00  9.275183e+01
8.159064e+00  9.175980e+01
8.152869e+00  9.076770e+01
8.146633e+00  8.977553e+01
8.140354e+00  8.878328e+01
8.134031e+00  8.779096e+01
8.127660e+00  8.679858e+01
8.121241e+00  8.580612e+01
8.114770e+00  8.481359e+01
8.108246e+00  8.382100e+01
8.101666e+00  8.282833e+01
8.095027e+00  8.183560e+01
8.088326e+00  8.084280e+01
8.081562e+00  7.984992e+01
8.074730e+00  7.885698e+01
8.067828e+00  7.786397e+01
8.060852e+00  7.687089e+01
8.053800e+00  7.587774e+01
8.046666e+00  7.488452e+01
8.039447e+00  7.389122e+01
8.032139e+00  7.289786e+01
8.024738e+00  7.190442e+01
8.017238e+00  7.091091e+01
8.009634e+00  6.991732e+01
8.001922e+00  6.892366e+01
7.994094e+00  6.792991e+01
7.986145e+00  6.693609e+01
7.978068e+00  6.594219e+01
7.969855e+00  6.494820e+01
7.961498e+00  6.395413e+01
7.952989e+00  6.295996e+01
7.944318e+00  6.196571e+01
7.935474e+00  6.097135e+01
7.926446e+00  5.997690e+01
7.917222e+00  5.898234e+01
7.907787e+00  5.798767e+01
7.898127e+00  5.699288e+01
7.888223e+00  5.599797e+01
7.878057e+00  5.500293e+01
7.867607e+00  5.400774e+01
7.856849e+00  5.301241e+01
7.845755e+00  5.201690e+01
7.834292e+00  5.102122e+01
7.822425e+00  5.002535e+01
7.810110e+00  4.902925e+01
7.797299e+00  4.803291e+01
7.783931e+00  4.703630e+01
7.769936e+00  4.603938e+01
7.755229e+00  4.504211e+01
7.739703e+00  4.404442e+01
7.723227e+00  4.304624e+01
7.705633e+00  4.204748e+01
7.686701e+00  4.104801e+01
7.666133e+00  4.004765e+01
7.643514e+00  3.904613e+01
7.618238e+00  3.804307e+01
7.589354e+00  3.703782e+01
7.555239e+00  3.602925e+01
7.512707e+00  3.501505e+01
7.453753e+00  3.398900e+01
7.339633e+00  3.291818e+01
8.968505e+00  1.853786e+02
8.993629e+00  1.842509e+02
9.012920e+00  1.831503e+02
9.029204e+00  1.820636e+02
9.043575e+00  1.809856e+02
9.056591e+00  1.799139e+02
9.068585e+00  1.788469e+02
9.079773e+00  1.777836e+02
9.090306e+00  1.767233e+02
9.100292e+00  1.756654e+02
9.109814e+00  1.746096e+02
9.118936e+00  1.735557e+02
9.127708e+00  1.725033e+02
9.136172e+00  1.714522e+02
9.144362e+00  1.704024e+02
9.152305e+00  1.693537e+02
9.160027e+00  1.683060e+02
9.167547e+00  1.672591e+02
9.174883e+00  1.662130e+02
9.182050e+00  1.651677e+02
9.189062e+00  1.641230e+02
9.195930e+00  1.630789e+02
9.202666e+00  1.620354e+02
9.209279e+00  1.609924e+02
9.215776e+00  1.599499e+02
9.222166e+00  1.589079e+02
9.228456e+00  1.578662e+02
9.234652e+00  1.568249e+02
9.240759e+00  1.557839e+02
9.246783e+00  1.547433e+02
9.252729e+00  1.537030e+02
9.258600e+00  1.526630e+02
9.264402e+00  1.516232e+02
9.270137e+00  1.505837e+02
9.275811e+00  1.495444e+02
9.281424e+00  1.485053e+02
9.286982e+00  1.474665e+02
9.292486e+00  1.464278e+02
9.297940e+00  1.453892e+02
9.303345e+00  1.443509e+02
9.308705e+00  1.433126e+02
9.314021e+00  1.422746e+02
9.319296e+00  1.412366e+02
9.324532e+00  1.401987e+02
9.329730e+00  1.391610e+02
9.334892e+00  1.381234e+02
9.340021e+00  1.370858e+02
9.345117e+00  1.360483e+02
9.350183e+00  1.350109e+02
9.355220e+00  1.339736e+02
9.360228e+00  1.329363e+02
9.365211e+00  1.318991e+02
9.370168e+00  1.308619e+02
9.375101e+00  1.298247e+02
9.380012e+00  1.287876e+02
9.384902e+00  1.277505e+02
9.389772e+00  1.267134e+02
9.394622e+00  1.256763e+02
9.399455e+00  1.246393e+02
9.404270e+00  1.236022e+02
9.409070e+00  1.225651e+02
9.413854e+00  1.215280e+02
9.418625e+00  1.204909e+02
9.423382e+00  1.194538e+02
9.428128e+00  1.184166e+02
9.432862e+00  1.173794e+02
9.437586e+00  1.163422e+02
9.442300e+00  1.153049e+02
9.447006e+00  1.142676e+02
9.451704e+00  1.132302e+02
9.456395e+00  1.121927e+02
9.461080e+00  1.111552e+02
9.465760e+00  1.101176e+02
9.470435e+00  1.090799e+02
9.475106e+00  1.080422e+02
9.479775e+00  1.070044e+02
9.484441e+00  1.059664e+02
9.489106e+00  1.049284e+02
9.493771e+00  1.038903e+02
9.498435e+00  1.028521e+02
9.503101e+00  1.018137e+02
9.507769e+00  1.007753e+02
9.512439e+00  9.973669e+01
9.517112e+00  9.869798e+01
9.521790e+00  9.765913e+01
9.526473e+00  9.662014e+01
9.531161e+00  9.558100e+01
9.535856e+00  9.454170e+01
9.540559e+00  9.350225e+01
9.545269e+00  9.246264e+01
9.549989e+00  9.142285e+01
9.554719e+00  9.038288e+01
9.559460e+00  8.934272e+01
9.564213e+00  8.830238e+01
9.568978e+00  8.726183e+01
9.573758e+00  8.622108e+01
9.578551e+00  8.518011e+01
9.583361e+00  8.413891e+01
9.588187e+00  8.309749e+01
9.593031e+00  8.205583e+01
9.597894e+00  8.101392e+01
9.602777e+00  7.997175e+01
9.607681e+00  7.892931e+01
9.612607e+00  7.788660e+01
9.617557e+00  7.684360e+01
9.622531e+00  7.580030e+01
9.627532e+00  7.475670e+01
9.632561e+00  7.371277e+01
9.637618e+00  7.266851e+01
9.642706e+00  7.162391e+01
9.647827e+00  7.057894e+01
9.652981e+00  6.953361e+01
9.658171e+00  6.848788e+01
9.663398e+00  6.744176e+01
9.668665e+00  6.639521e+01
9.673973e+00  6.534823e+01
9.679325e+00  6.430079e+01
9.684723e+00  6.325288e+01
9.690169e+00  6.220447e+01
9.695666e+00  6.115554e+01
9.701217e+00  6.010607e+01
9.706825e+00  5.905604e+01
9.712492e+00  5.800541e+01
9.718223e+00  5.695416e+01
9.724021e+00  5.590226e+01
9.729889e+00  5.484967e+01
9.735833e+00  5.379636e+01
9.741856e+00  5.274228e+01
9.747964e+00  5.168740e+01
9.754163e+00  5.063166e+01
9.760457e+00  4.957502e+01
9.766854e+00  4.851742e+01
9.773361e+00  4.745881e+01
9.779986e+00  4.639910e+01
9.786738e+00  4.533822e+01
9.793627e+00  4.427609e+01
9.800664e+00  4.321262e+01
9.807862e+00  4.214769e+01
9.815236e+00  4.108118e+01
9.822801e+00  4.001295e+01
9.830578e+00  3.894284e+01
9.838588e+00  3.787065e+01
9.846857e+00  3.679617e+01
9.855419e+00  3.571912e+01
9.864309e+00  3.463919e+01
9.873576e+00  3.355599e+01
9.883276e+00  3.246901e+01
9.893486e+00  3.137763e+01
9.904302e+00  3.028102e+01
9.915857e+00  2.917808e+01
9.928341e+00  2.806721e+01
9.942034e+00  2.694606e+01
9.957397e+00  2.581075e+01
9.975279e+00  2.465420e+01
9.997633e+00  2.346008e+01
1.003240e+01  2.216220e+01
1.096960e+01  1.135979e+02
1.094297e+01  1.125946e+02
1.092245e+01  1.115968e+02
1.090506e+01  1.106019e+02
1.088967e+01  1.096089e+02
1.087569e+01  1.086173e+02
1.086277e+01  1.076268e+02
1.085068e+01  1.066373e+02
1.083927e+01  1.056485e+02
1.082842e+01  1.046604e+02
1.081804e+01  1.036730e+02
1.080807e+01  1.026861e+02
1.079846e+01  1.016997e+02
1.078915e+01  1.007138e+02
1.078012e+01  9.972830e+01
1.077134e+01  9.874326e+01
1.076278e+01  9.775863e+01
1.075442e+01  9.677438e+01
1.074624e+01  9.579051e+01
1.073822e+01  9.480700e+01
1.073035e+01  9.382385e+01
1.072262e+01  9.284105e+01
1.071501e+01  9.185859e+01
1.070752e+01  9.087647e+01
1.070014e+01  8.989468e+01
1.069285e+01  8.891323e+01
1.068565e+01  8.793210e+01
1.067854e+01  8.695129e+01
1.067151e+01  8.597081e+01
1.066454e+01  8.499066e+01
1.065764e+01  8.401083e+01
1.065081e+01  8.303133e+01
1.064402e+01  8.205216e+01
1.063729e+01  8.107332e+01
1.063061e+01  8.009481e+01
1.062397e+01  7.911664e+01
1.061737e+01  7.813881e+01
1.061081e+01  7.716132e+01
1.060428e+01  7.618418e+01
1.059778e+01  7.520739e+01
1.059130e+01  7.423096e+01
1.058485e+01  7.325490e+01
1.057842e+01  7.227920e+01
1.057200e+01  7.130388e+01
1.056560e+01  7.032895e+01
1.055921e+01  6.935440e+01
1.055283e+01  6.838026e+01
1.054646e+01  6.740653e+01
1.054009e+01  6.643321e+01
1.053372e+01  6.546032e+01
1.052734e+01  6.448788e+01
1.052097e+01  6.351588e+01
1.051458e+01  6.254435e+01
1.050819e+01  6.157330e+01
1.050178e+01  6.060274e+01
1.049535e+01  5.963268e+01
1.048891e+01  5.866314e+01
1.048245e+01  5.769415e+01
1.047596e+01  5.672571e+01
1.046944e+01  5.575785e+01
1.046289e+01  5.479059e+01
1.045631e+01  5.382396e+01
1.044968e+01  5.285796e+01
1.044302e+01  5.189264e+01
1.043631e+01  5.092802e+01
1.042954e+01  4.996413e+01
1.042273e+01  4.900101e+01
1.041585e+01  4.803869e+01
1.040890e+01  4.707721e+01
1.040189e+01  4.611661e+01
1.039480e+01  4.515694e+01
1.038762e+01  4.419826e+01
1.038035e+01  4.324062e+01
1.037299e+01  4.228408e+01
1.036551e+01  4.132871e+01
1.035792e+01  4.037459e+01
1.035020e+01  3.942182e+01
1.034234e+01  3.847048e+01
1.033433e+01  3.752070e+01
1.032615e+01  3.657260e+01
1.031778e+01  3.562632e+01
1.030920e+01  3.468205e+01
1.030039e+01  3.373998e+01
1.029132e+01  3.280034e+01
1.028196e+01  3.186343e+01
1.027226e+01  3.092959e+01
1.026217e+01  2.999924e+01
1.025163e+01  2.907292e+01
1.024057e+01  2.815133e+01
1.022886e+01  2.723538e+01
1.021635e+01  2.632633e+01
1.020284e+01  2.542602e+01
1.018798e+01  2.453724e+01
1.017121e+01  2.366475e+01
1.015141e+01  2.281790e+01
1.012563e+01  2.202132e+01
1.109776e+01  1.137064e+02
1.112453e+01  1.127475e+02
1.114520e+01  1.117834e+02
1.116273e+01  1.108166e+02
1.117827e+01  1.098481e+02
1.119240e+01  1.088785e+02
1.120547e+01  1.079079e+02
1.121771e+01  1.069368e+02
1.122928e+01  1.059650e+02
1.124029e+01  1.049929e+02
1.125082e+01  1.040204e+02
1.126095e+01  1.030475e+02
1.127072e+01  1.020745e+02
1.128019e+01  1.011012e+02
1.128938e+01  1.001278e+02
1.129832e+01  9.915426e+01
1.130705e+01  9.818058e+01
1.131558e+01  9.720681e+01
1.132393e+01  9.623296e+01
1.133212e+01  9.525905e+01
1.134017e+01  9.428510e+01
1.134807e+01  9.331112e+01
1.135586e+01  9.233711e+01
1.136353e+01  9.136311e+01
1.137109e+01  9.038910e+01
1.137856e+01  8.941512e+01
1.138594e+01  8.844115e+01
1.139324e+01  8.746722e+01
1.140047e+01  8.649333e+01
1.140762e+01  8.551949e+01
1.141471e+01  8.454571e+01
1.142175e+01  8.357199e+01
1.142873e+01  8.259834e+01
1.143566e+01  8.162478e+01
1.144254e+01  8.065130e+01
1.144939e+01  7.967792e+01
1.145620e+01  7.870464e+01
1.146297e+01  7.773146e+01
1.146972e+01  7.675840e+01
1.147644e+01  7.578547e+01
1.148313e+01  7.481266e+01
1.148981e+01  7.383999e+01
1.149647e+01  7.286747e+01
1.150311e+01  7.189510e+01
1.150975e+01  7.092289e+01
1.151637e+01  6.995084e+01
1.152300e+01  6.897897e+01
1.152962e+01  6.800728e+01
1.153623e+01  6.703579e+01
1.154286e+01  6.606450e+01
1.154949e+01  6.509342e+01
1.155613e+01  6.412255e+01
1.156278e+01  6.315192e+01
1.156944e+01  6.218153e+01
1.157612e+01  6.121139e+01
1.158283e+01  6.024151e+01
1.158956e+01  5.927191e+01
1.159631e+01  5.830259e+01
1.160310e+01  5.733358e+01
1.160992e+01  5.636488e+01
1.161677e+01  5.539651e+01
1.162367e+01  5.442849e+01
1.163062e+01  5.346083e+01
1.163761e+01  5.249356e+01
1.164466e+01  5.152668e+01
1.165177e+01  5.056023e+01
1.165894e+01  4.959423e+01
1.166618e+01  4.862869e+01
1.167350e+01  4.766365e+01
1.168089e+01  4.669914e+01
1.168837e+01  4.573518e+01
1.169595e+01  4.477182e+01
1.170363e+01  4.380908e+01
1.171143e+01  4.284702e+01
1.171934e+01  4.188568e+01
1.172739e+01  4.092511e+01
1.173558e+01  3.996536e+01
1.174393e+01  3.900651e+01
1.175245e+01  3.804863e+01
1.176116e+01  3.709180e+01
1.177007e+01  3.613612e+01
1.177922e+01  3.518170e+01
1.178863e+01  3.422868e+01
1.179833e+01  3.327720e+01
1.180836e+01  3.232746e+01
1.181876e+01  3.137968e+01
1.182960e+01  3.043413e+01
1.184093e+01  2.949118e+01
1.185286e+01  2.855127e+01
1.186550e+01  2.761500e+01
1.187902e+01  2.668319e+01
1.189367e+01  2.575704e+01
1.190982e+01  2.483837e+01
1.192810e+01  2.393030e+01
1.194976e+01  2.303891e+01
1.197809e+01  2.218029e+01
1.299393e+01  1.103491e+02
1.296381e+01  1.093445e+02
1.294061e+01  1.083373e+02
1.292098e+01  1.073288e+02
1.290360e+01  1.063194e+02
1.288782e+01  1.053093e+02
1.287324e+01  1.042987e+02
1.285960e+01  1.032876e+02
1.284672e+01  1.022761e+02
1.283448e+01  1.012643e+02
1.282277e+01  1.002521e+02
1.281152e+01  9.923961e+01
1.280066e+01  9.822684e+01
1.279015e+01  9.721381e+01
1.277996e+01  9.620052e+01
1.277003e+01  9.518699e+01
1.276035e+01  9.417321e+01
1.275089e+01  9.315920e+01
1.274163e+01  9.214496e+01
1.273256e+01  9.113050e+01
1.272364e+01  9.011581e+01
1.271488e+01  8.910089e+01
1.270625e+01  8.808576e+01
1.269775e+01  8.707041e+01
1.268936e+01  8.605483e+01
1.268108e+01  8.503904e+01
1.267289e+01  8.402302e+01
1.266480e+01  8.300678e+01
1.265678e+01  8.199031e+01
1.264883e+01  8.097361e+01
1.264096e+01  7.995669e+01
1.263314e+01  7.893952e+01
1.262538e+01  7.792212e+01
1.261768e+01  7.690448e+01
1.261001e+01  7.588659e+01
1.260239e+01  7.486845e+01
1.259480e+01  7.385006e+01
1.258724e+01  7.283140e+01
1.257971e+01  7.181248e+01
1.257220e+01  7.079328e+01
1.256471e+01  6.977381e+01
1.255724e+01  6.875404e+01
1.254977e+01  6.773398e+01
1.254232e+01  6.671362e+01
1.253486e+01  6.569294e+01
1.252740e+01  6.467195e+01
1.251994e+01  6.365061e+01
1.251246e+01  6.262894e+01
1.250498e+01  6.160691e+01
1.249747e+01  6.058452e+01
1.248995e+01  5.956174e+01
1.248239e+01  5.853857e+01
1.247481e+01  5.751498e+01
1.246719e+01  5.649097e+01
1.245953e+01  5.546652e+01
1.245183e+01  5.444159e+01
1.244407e+01  5.341619e+01
1.243626e+01  5.239027e+01
1.242839e+01  5.136381e+01
1.242044e+01  5.033680e+01
1.241242e+01  4.930919e+01
1.240432e+01  4.828096e+01
1.239613e+01  4.725206e+01
1.238783e+01  4.622246e+01
1.237943e+01  4.519212e+01
1.237090e+01  4.416098e+01
1.236224e+01  4.312899e+01
1.235344e+01  4.209608e+01
1.234448e+01  4.106219e+01
1.233533e+01  4.002723e+01
1.232599e+01  3.899111e+01
1.231644e+01  3.795372e+01
1.230663e+01  3.691494e+01
1.229655e+01  3.587462e+01
1.228616e+01  3.483257e+01
1.227541e+01  3.378859e+01
1.226425e+01  3.274242e+01
1.225262e+01  3.169371e+01
1.224042e+01  3.064205e+01
1.222754e+01  2.958687e+01
1.221384e+01  2.852743e+01
1.219908e+01  2.746262e+01
1.218293e+01  2.639081e+01
1.216483e+01  2.530929e+01
1.214375e+01  2.421295e+01
1.211717e+01  2.308951e+01
1.207274e+01  2.187878e+01
1.313969e+01  1.103005e+02
1.317037e+01  1.092759e+02
1.319412e+01  1.082536e+02
1.321431e+01  1.072325e+02
1.323225e+01  1.062121e+02
1.324860e+01  1.051922e+02
1.326376e+01  1.041727e+02
1.327798e+01  1.031534e+02
1.329145e+01  1.021343e+02
1.330429e+01  1.011153e+02
1.331660e+01  1.000965e+02
1.332847e+01  9.907772e+01
1.333994e+01  9.805903e+01
1.335107e+01  9.704038e+01
1.336190e+01  9.602175e+01
1.337246e+01  9.500314e+01
1.338279e+01  9.398452e+01
1.339290e+01  9.296589e+01
1.340282e+01  9.194724e+01
1.341257e+01  9.092857e+01
1.342216e+01  8.990985e+01
1.343161e+01  8.889108e+01
1.344094e+01  8.787227e+01
1.345015e+01  8.685339e+01
1.345925e+01  8.583445e+01
1.346826e+01  8.481543e+01
1.347718e+01  8.379633e+01
1.348602e+01  8.277715e+01
1.349480e+01  8.175788e+01
1.350351e+01  8.073851e+01
1.351216e+01  7.971904e+01
1.352077e+01  7.869946e+01
1.352933e+01  7.767977e+01
1.353785e+01  7.665996e+01
1.354634e+01  7.564002e+01
1.355481e+01  7.461995e+01
1.356325e+01  7.359975e+01
1.357167e+01  7.257940e+01
1.358009e+01  7.155890e+01
1.358849e+01  7.053824e+01
1.359690e+01  6.951742e+01
1.360530e+01  6.849643e+01
1.361372e+01  6.747526e+01
1.362214e+01  6.645390e+01
1.363058e+01  6.543235e+01
1.363904e+01  6.441059e+01
1.364753e+01  6.338863e+01
1.365604e+01  6.236644e+01
1.366460e+01  6.134402e+01
1.367319e+01  6.032136e+01
1.368183e+01  5.929845e+01
1.369052e+01  5.827527e+01
1.369926e+01  5.725182e+01
1.370807e+01  5.622807e+01
1.371695e+01  5.520402e+01
1.372590e+01  5.417965e+01
1.373494e+01  5.315494e+01
1.374407e+01  5.212987e+01
1.375330e+01  5.110444e+01
1.376263e+01  5.007860e+01
1.377208e+01  4.905234e+01
1.378165e+01  4.802564e+01
1.379137e+01  4.699847e+01
1.380123e+01  4.597079e+01
1.381126e+01  4.494258e+01
1.382146e+01  4.391379e+01
1.383186e+01  4.288438e+01
1.384247e+01  4.185431e+01
1.385331e+01  4.082352e+01
1.386442e+01  3.979195e+01
1.387580e+01  3.875953e+01
1.388750e+01  3.772618e+01
1.389956e+01  3.669180e+01
1.391201e+01  3.565628e+01
1.392490e+01  3.461950e+01
1.393831e+01  3.358128e+01
1.395230e+01  3.254143e+01
1.396697e+01  3.149971e+01
1.398245e+01  3.045579e+01
1.399890e+01  2.940926e+01
1.401654e+01  2.835956e+01
1.403569e+01  2.730586e+01
1.405684e+01  2.624695e+01
1.408079e+01  2.518080e+01
1.410905e+01  2.410360e+01
1.414530e+01  2.300622e+01
1.420762e+01  2.184381e+01
1.515788e+01  5.297966e+01
1.524480e+01  5.194227e+01
1.529576e+01  5.090640e+01
1.533677e+01  4.987052e+01
1.537262e+01  4.883432e+01
1.540524e+01  4.779763e+01
1.543568e+01  4.676037e+01
1.546456e+01  4.572245e+01
1.549229e+01  4.468380e+01
1.551919e+01  4.364433e+01
1.554549e+01  4.260399e+01
1.557137e+01  4.156268e+01
1.559700e+01  4.052031e+01
1.562251e+01  3.947679e+01
1.564803e+01  3.843201e+01
1.567370e+01  3.738583e+01
1.569964e+01  3.633811e+01
1.572599e+01  3.528866e+01
1.575289e+01  3.423728e+01
1.578051e+01  3.318370e+01
1.580906e+01  3.212761e+01
1.583877e+01  3.106859e+01
1.586997e+01  3.000611e+01
1.590306e+01  2.893947e+01
1.593862e+01  2.786766e+01
1.597752e+01  2.678920e+01
1.602114e+01  2.570174e+01
1.607198e+01  2.460106e+01
1.613559e+01  2.347800e+01
1.623135e+01  2.230138e+01
1.541958e+01  5.414658e+01
1.544328e+01  5.312564e+01
1.546621e+01  5.210467e+01
1.548853e+01  5.108363e+01
1.551037e+01  5.006248e+01
1.553184e+01  4.904118e+01
1.555303e+01  4.801970e+01
1.557402e+01  4.699801e+01
1.559488e+01  4.597607e+01
1.561568e+01  4.495385e+01
1.563648e+01  4.393132e+01
1.565734e+01  4.290844e+01
1.567832e+01  4.188517e+01
1.569949e+01  4.086148e+01
1.572090e+01  3.983731e+01
1.574263e+01  3.881262e+01
1.576474e+01  3.778735e+01
1.578733e+01  3.676143e+01
1.581048e+01  3.573478e+01
1.583431e+01  3.470732e+01
1.585893e+01  3.367892e+01
1.588452e+01  3.264948e+01
1.591125e+01  3.161881e+01
1.593938e+01  3.058671e+01
1.596922e+01  2.955292e+01
1.600121e+01  2.851707e+01
1.603596e+01  2.747867e+01
1.607440e+01  2.643696e+01
1.611801e+01  2.539075e+01
1.616956e+01  2.433792e+01
1.623517e+01  2.327384e+01
1.633656e+01  2.218278e+01
1.578489e+01  3.687108e+01
1.580798e+01  3.584451e+01
1.583172e+01  3.481714e+01
1.585626e+01  3.378885e+01
1.588173e+01  3.275952e+01
1.590834e+01  3.172900e+01
1.593630e+01  3.069706e+01
1.596594e+01  2.966347e+01
1.599768e+01  2.862786e+01
1.603209e+01  2.758976e+01
1.607007e+01  2.654845e+01
1.611304e+01  2.550280e+01
1.616353e+01  2.445083e+01
1.622712e+01  2.338834e+01
1.632194e+01  2.230211e+01
1.564164e+01  3.149865e+01
1.567303e+01  3.053310e+01
1.570515e+01  2.956907e+01
1.573833e+01  2.860686e+01
1.577300e+01  2.764688e+01
1.580969e+01  2.668967e+01
1.584920e+01  2.573605e+01
1.589275e+01  2.478730e+01
1.594251e+01  2.384569e+01
1.600308e+01  2.291599e+01
1.608917e+01  2.201327e+01
1.084927e+01  2.093505e+02
1.082481e+01  2.084584e+02
1.080595e+01  2.075401e+02
1.078998e+01  2.066083e+02
1.077584e+01  2.056679e+02
1.076300e+01  2.047214e+02
1.075115e+01  2.037702e+02
1.074006e+01  2.028155e+02
1.072960e+01  2.018577e+02
1.071967e+01  2.008975e+02
1.071019e+01  1.999352e+02
1.070109e+01  1.989710e+02
1.069232e+01  1.980052e+02
1.068385e+01  1.970380e+02
1.067564e+01  1.960696e+02
1.066766e+01  1.951000e+02
1.065990e+01  1.941294e+02
1.065234e+01  1.931579e+02
1.064495e+01  1.921855e+02
1.063772e+01  1.912123e+02
1.063063e+01  1.902384e+02
1.062369e+01  1.892638e+02
1.061687e+01  1.882885e+02
1.061017e+01  1.873127e+02
1.060358e+01  1.863364e+02
1.059709e+01  1.853595e+02
1.059070e+01  1.843821e+02
1.058440e+01  1.834043e+02
1.057818e+01  1.824261e+02
1.057204e+01  1.814474e+02
1.056597e+01  1.804684e+02
1.055998e+01  1.794890e+02
1.055405e+01  1.785092e+02
1.054818e+01  1.775291e+02
1.054238e+01  1.765487e+02
1.053663e+01  1.755680e+02
1.053093e+01  1.745870e+02
1.052528e+01  1.736057e+02
1.051968e+01  1.726241e+02
1.051413e+01  1.716423e+02
1.050862e+01  1.706603e+02
1.050314e+01  1.696780e+02
1.049771e+01  1.686955e+02
1.049232e+01  1.677128e+02
1.048696e+01  1.667299e+02
1.048163e+01  1.657467e+02
1.047634e+01  1.647634e+02
1.047107e+01  1.637799e+02
1.046583e+01  1.627962e+02
1.046062e+01  1.618123e+02
1.045544e+01  1.608283e+02
1.045028e+01  1.598441e+02
1.044514e+01  1.588597e+02
1.044003e+01  1.578752e+02
1.043493e+01  1.568905e+02
1.042986e+01  1.559057e+02
1.042480e+01  1.549208e+02
1.041976e+01  1.539357e+02
1.041474e+01  1.529505e+02
1.040974e+01  1.519651e+02
1.040474e+01  1.509797e+02
1.039976e+01  1.499941e+02
1.039480e+01  1.490084e+02
1.038984e+01  1.480226e+02
1.038490e+01  1.470367e+02
1.037996e+01  1.460506e+02
1.037504e+01  1.450645e+02
1.037012e+01  1.440783e+02
1.036521e+01  1.430919e+02
1.036030e+01  1.421055e+02
1.035541e+01  1.411190e+02
1.035051e+01  1.401324e+02
1.034563e+01  1.391457e+02
1.034074e+01  1.381589e+02
1.033586e+01  1.371721e+02
1.033098e+01  1.361851e+02
1.032610e+01  1.351981e+02
1.032123e+01  1.342110e+02
1.031635e+01  1.332238e+02
1.031147e+01  1.322366e+02
1.030659e+01  1.312492e+02
1.030171e+01  1.302618e+02
1.029683e+01  1.292744e+02
1.029194e+01  1.282869e+02
1.028705e+01  1.272993e+02
1.028215e+01  1.263116e+02
1.027725e+01  1.253239e+02
1.027234e+01  1.243362e+02
1.026742e+01  1.233484e+02
1.026250e+01  1.223605e+02
1.025757e+01  1.213726e+02
1.025263e+01  1.203846e+02
1.024768e+01  1.193966e+02
1.024272e+01  1.184085e+02
1.023774e+01  1.174204e+02
1.023276e+01  1.164322e+02
1.022776e+01  1.154440e+02
1.022275e+01  1.144557e+02
1.021772e+01  1.134674e+02
1.021268e+01  1.124791e+02
1.020763e+01  1.114907e+02
1.020255e+01  1.105023e+02
1.019746e+01  1.095138e+02
1.019235e+01  1.085253e+02
1.018722e+01  1.075368e+02
1.018207e+01  1.065483e+02
1.017690e+01  1.055597e+02
1.017171e+01  1.045711e+02
1.016649e+01  1.035824e+02
1.016125e+01  1.025938e+02
1.015599e+01  1.016051e+02
1.015069e+01  1.006163e+02
1.014537e+01  9.962760e+01
1.014003e+01  9.863884e+01
1.013465e+01  9.765005e+01
1.012924e+01  9.666125e+01
1.012380e+01  9.567243e+01
1.011832e+01  9.468359e+01
1.011281e+01  9.369474e+01
1.010727e+01  9.270588e+01
1.010168e+01  9.171700e+01
1.009606e+01  9.072811e+01
1.009040e+01  8.973921e+01
1.008469e+01  8.875031e+01
1.007894e+01  8.776140e+01
1.007315e+01  8.677248e+01
1.006730e+01  8.578356e+01
1.006141e+01  8.479464e+01
1.005547e+01  8.380572e+01
1.004947e+01  8.281680e+01
1.004341e+01  8.182788e+01
1.003730e+01  8.083897e+01
1.003113e+01  7.985006e+01
1.002489e+01  7.886117e+01
1.001859e+01  7.787228e+01
1.001222e+01  7.688341e+01
1.000577e+01  7.589455e+01
9.999250e+00  7.490571e+01
9.992650e+00  7.391689e+01
9.985968e+00  7.292809e+01
9.979199e+00  7.193931e+01
9.972340e+00  7.095056e+01
9.965384e+00  6.996184e+01
9.958329e+00  6.897315e+01
9.951168e+00  6.798450e+01
9.943897e+00  6.699588e+01
9.936508e+00  6.600731e+01
9.928996e+00  6.501878e+01
9.921354e+00  6.403030e+01
9.913574e+00  6.304187e+01
9.905648e+00  6.205350e+01
9.897566e+00  6.106520e+01
9.889319e+00  6.007695e+01
9.880897e+00  5.908878e+01
9.872287e+00  5.810069e+01
9.863475e+00  5.711268e+01
9.854449e+00  5.612477e+01
9.845190e+00  5.513695e+01
9.835681e+00  5.414923e+01
9.825902e+00  5.316163e+01
9.815828e+00  5.217416e+01
9.805434e+00  5.118682e+01
9.794689e+00  5.019964e+01
9.783559e+00  4.921261e+01
9.772002e+00  4.822576e+01
9.759971e+00  4.723911e+01
9.747409e+00  4.625267e+01
9.734249e+00  4.526648e+01
9.720407e+00  4.428055e+01
9.705782e+00  4.329493e+01
9.690247e+00  4.230965e+01
9.673637e+00  4.132476e+01
9.655738e+00  4.034033e+01
9.636259e+00  3.935642e+01
9.614789e+00  3.837316e+01
9.590723e+00  3.739066e+01
9.563101e+00  3.640914e+01
9.530249e+00  3.542889e+01
9.488776e+00  3.445040e+01
9.429577e+00  3.347459e+01
9.291817e+00  3.250172e+01
1.096626e+01  2.088047e+02
1.099044e+01  2.076858e+02
1.100902e+01  2.065930e+02
1.102472e+01  2.055137e+02
1.103858e+01  2.044430e+02
1.105114e+01  2.033784e+02
1.106271e+01  2.023183e+02
1.107351e+01  2.012618e+02
1.108368e+01  2.002083e+02
1.109332e+01  1.991573e+02
1.110252e+01  1.981083e+02
1.111133e+01  1.970611e+02
1.111980e+01  1.960155e+02
1.112798e+01  1.949712e+02
1.113589e+01  1.939282e+02
1.114356e+01  1.928863e+02
1.115102e+01  1.918454e+02
1.115828e+01  1.908054e+02
1.116537e+01  1.897662e+02
1.117229e+01  1.887277e+02
1.117906e+01  1.876900e+02
1.118569e+01  1.866529e+02
1.119219e+01  1.856164e+02
1.119857e+01  1.845804e+02
1.120484e+01  1.835450e+02
1.121101e+01  1.825100e+02
1.121707e+01  1.814755e+02
1.122305e+01  1.804414e+02
1.122894e+01  1.794076e+02
1.123475e+01  1.783743e+02
1.124048e+01  1.773413e+02
1.124613e+01  1.763086e+02
1.125172e+01  1.752763e+02
1.125724e+01  1.742442e+02
1.126271e+01  1.732124e+02
1.126811e+01  1.721809e+02
1.127345e+01  1.711496e+02
1.127875e+01  1.701186e+02
1.128399e+01  1.690878e+02
1.128919e+01  1.680572e+02
1.129434e+01  1.670268e+02
1.129944e+01  1.659965e+02
1.130450e+01  1.649665e+02
1.130953e+01  1.639366e+02
1.131451e+01  1.629069e+02
1.131946e+01  1.618774e+02
1.132438e+01  1.608480e+02
1.132926e+01  1.598188e+02
1.133411e+01  1.587897e+02
1.133893e+01  1.577607e+02
1.134372e+01  1.567318e+02
1.134848e+01  1.557030e+02
1.135321e+01  1.546744e+02
1.135792e+01  1.536459e+02
1.136261e+01  1.526174e+02
1.136727e+01  1.515891e+02
1.137191e+01  1.505608e+02
1.137653e+01  1.495326e+02
1.138113e+01  1.485045e+02
1.138571e+01  1.474765e+02
1.139027e+01  1.464485e+02
1.139481e+01  1.454207e+02
1.139934e+01  1.443928e+02
1.140385e+01  1.433651e+02
1.140835e+01  1.423373e+02
1.141283e+01  1.413097e+02
1.141730e+01  1.402820e+02
1.142176e+01  1.392545e+02
1.142620e+01  1.382269e+02
1.143063e+01  1.371994e+02
1.143505e+01  1.361719e+02
1.143946e+01  1.351445e+02
1.144387e+01  1.341171e+02
1.144826e+01  1.330897e+02
1.145265e+01  1.320623e+02
1.145702e+01  1.310349e+02
1.146140e+01  1.300075e+02
1.146576e+01  1.289802e+02
1.147012e+01  1.279529e+02
1.147448e+01  1.269255e+02
1.147883e+01  1.258982e+02
1.148317e+01  1.248708e+02
1.148751e+01  1.238435e+02
1.149185e+01  1.228162e+02
1.149619e+01  1.217888e+02
1.150053e+01  1.207614e+02
1.150486e+01  1.197340e+02
1.150920e+01  1.187066e+02
1.151353e+01  1.176792e+02
1.151787e+01  1.166517e+02
1.152221e+01  1.156242e+02
1.152654e+01  1.145967e+02
1.153088e+01  1.135691e+02
1.153523e+01  1.125415e+02
1.153957e+01  1.115139e+02
1.154393e+01  1.104862e+02
1.154828e+01  1.094585e+02
1.155264e+01  1.084307e+02
1.155701e+01  1.074029e+02
1.156138e+01  1.063750e+02
1.156576e+01  1.053471e+02
1.157015e+01  1.043191e+02
1.157454e+01  1.032910e+02
1.157894e+01  1.022629e+02
1.158336e+01  1.012347e+02
1.158778e+01  1.002064e+02
1.159221e+01  9.917804e+01
1.159666e+01  9.814960e+01
1.160111e+01  9.712107e+01
1.160558e+01  9.609246e+01
1.161006e+01  9.506376e+01
1.161456e+01  9.403496e+01
1.161907e+01  9.300605e+01
1.162359e+01  9.197705e+01
1.162814e+01  9.094793e+01
1.163270e+01  8.991871e+01
1.163727e+01  8.888936e+01
1.164187e+01  8.785990e+01
1.164648e+01  8.683030e+01
1.165112e+01  8.580058e+01
1.165577e+01  8.477072e+01
1.166045e+01  8.374072e+01
1.166516e+01  8.271058e+01
1.166988e+01  8.168028e+01
1.167463e+01  8.064982e+01
1.167941e+01  7.961920e+01
1.168422e+01  7.858841e+01
1.168905e+01  7.755745e+01
1.169391e+01  7.652630e+01
1.169881e+01  7.549497e+01
1.170374e+01  7.446343e+01
1.170870e+01  7.343169e+01
1.171370e+01  7.239975e+01
1.171873e+01  7.136757e+01
1.172380e+01  7.033517e+01
1.172892e+01  6.930254e+01
1.173407e+01  6.826965e+01
1.173927e+01  6.723651e+01
1.174451e+01  6.620309e+01
1.174981e+01  6.516940e+01
1.175515e+01  6.413541e+01
1.176054e+01  6.310112e+01
1.176599e+01  6.206651e+01
1.177150e+01  6.103157e+01
1.177707e+01  5.999628e+01
1.178270e+01  5.896063e+01
1.178840e+01  5.792459e+01
1.179417e+01  5.688815e+01
1.180001e+01  5.585130e+01
1.180594e+01  5.481400e+01
1.181194e+01  5.377623e+01
1.181803e+01  5.273798e+01
1.182422e+01  5.169920e+01
1.183050e+01  5.065988e+01
1.183689e+01  4.961998e+01
1.184338e+01  4.857946e+01
1.185000e+01  4.753829e+01
1.185674e+01  4.649642e+01
1.186362e+01  4.545380e+01
1.187064e+01  4.441038e+01
1.187782e+01  4.336610e+01
1.188517e+01  4.232089e+01
1.189271e+01  4.127468e+01
1.190044e+01  4.022738e+01
1.190840e+01  3.917888e+01
1.191659e+01  3.812909e+01
1.192506e+01  3.707785e+01
1.193382e+01  3.602502e+01
1.194291e+01  3.497039e+01
1.195239e+01  3.391375e+01
1.196229e+01  3.285481e+01
1.197270e+01  3.179321e+01
1.198370e+01  3.072850e+01
1.199540e+01  2.966009e+01
1.200796e+01  2.858716e+01
1.202160e+01  2.750853e+01
1.203668e+01  2.642244e+01
1.205377e+01  2.532595e+01
1.207394e+01  2.421348e+01
1.209986e+01  2.307143e+01
1.214565e+01  2.182762e+01
1.358785e+01  8.889580e+01
1.359403e+01  8.786472e+01
1.360022e+01  8.683358e+01
1.360644e+01  8.580239e+01
1.361267e+01  8.477113e+01
1.361892e+01  8.373981e+01
1.362520e+01  8.270841e+01
1.363150e+01  8.167693e+01
1.363782e+01  8.064537e+01
1.364418e+01  7.961371e+01
1.365056e+01  7.858195e+01
1.365697e+01  7.755008e+01
1.366342e+01  7.651810e+01
1.366990e+01  7.548600e+01
1.367642e+01  7.445377e+01
1.368298e+01  7.342141e+01
1.368958e+01  7.238889e+01
1.369623e+01  7.135623e+01
1.370292e+01  7.032340e+01
1.370966e+01  6.929041e+01
1.371645e+01  6.825723e+01
1.372329e+01  6.722386e+01
1.373019e+01  6.619029e+01
1.373715e+01  6.515651e+01
1.374418e+01  6.412251e+01
1.375127e+01  6.308827e+01
1.375843e+01  6.205379e+01
1.376566e+01  6.101904e+01
1.377297e+01  5.998402e+01
1.378037e+01  5.894870e+01
1.378785e+01  5.791308e+01
1.379542e+01  5.687713e+01
1.380309e+01  5.584084e+01
1.381086e+01  5.480419e+01
1.381874e+01  5.376715e+01
1.382674e+01  5.272971e+01
1.383486e+01  5.169183e+01
1.384312e+01  5.065349e+01
1.385151e+01  4.961467e+01
1.386005e+01  4.857532e+01
1.386875e+01  4.753541e+01
1.387762e+01  4.649491e+01
1.388668e+01  4.545377e+01
1.389594e+01  4.441194e+01
1.390541e+01  4.336937e+01
1.391511e+01  4.232600e+01
1.392507e+01  4.128175e+01
1.393530e+01  4.023656e+01
1.394584e+01  3.919034e+01
1.395671e+01  3.814298e+01
1.396795e+01  3.709435e+01
1.397961e+01  3.604433e+01
1.399173e+01  3.499275e+01
1.400439e+01  3.393939e+01
1.401765e+01  3.288401e+01
1.403161e+01  3.182631e+01
1.404640e+01  3.076588e+01
1.406218e+01  2.970220e+01
1.407918e+01  2.863456e+01
1.409772e+01  2.756195e+01
1.411827e+01  2.648286e+01
1.414164e+01  2.539480e+01
1.416932e+01  2.429314e+01
1.420482e+01  2.316703e+01
1.426378e+01  2.196865e+01
1.290806e+01  8.204279e+01
1.289186e+01  8.105621e+01
1.287678e+01  8.007111e+01
1.286259e+01  7.908727e+01
1.284914e+01  7.810455e+01
1.283630e+01  7.712283e+01
1.282398e+01  7.614202e+01
1.281209e+01  7.516208e+01
1.280060e+01  7.418294e+01
1.278943e+01  7.320457e+01
1.277857e+01  7.222694e+01
1.276796e+01  7.125002e+01
1.275759e+01  7.027381e+01
1.274743e+01  6.929827e+01
1.273745e+01  6.832342e+01
1.272765e+01  6.734923e+01
1.271799e+01  6.637571e+01
1.270846e+01  6.540285e+01
1.269906e+01  6.443066e+01
1.268977e+01  6.345914e+01
1.268057e+01  6.248829e+01
1.267146e+01  6.151811e+01
1.266243e+01  6.054863e+01
1.265346e+01  5.957985e+01
1.264455e+01  5.861178e+01
1.263569e+01  5.764443e+01
1.262687e+01  5.667783e+01
1.261809e+01  5.571198e+01
1.260933e+01  5.474691e+01
1.260060e+01  5.378265e+01
1.259187e+01  5.281920e+01
1.258315e+01  5.185661e+01
1.257443e+01  5.089490e+01
1.256570e+01  4.993409e+01
1.255695e+01  4.897424e+01
1.254818e+01  4.801536e+01
1.253937e+01  4.705751e+01
1.253053e+01  4.610074e+01
1.252164e+01  4.514508e+01
1.251269e+01  4.419060e+01
1.250368e+01  4.323736e+01
1.249459e+01  4.228543e+01
1.248541e+01  4.133488e+01
1.247613e+01  4.038580e+01
1.246675e+01  3.943828e+01
1.245723e+01  3.849243e+01
1.244758e+01  3.754838e+01
1.243777e+01  3.660625e+01
1.242778e+01  3.566622e+01
1.241758e+01  3.472846e+01
1.240716e+01  3.379319e+01
1.239649e+01  3.286066e+01
1.238551e+01  3.193119e+01
1.237420e+01  3.100513e+01
1.236250e+01  3.008293e+01
1.235033e+01  2.916515e+01
1.233762e+01  2.825252e+01
1.232426e+01  2.734598e+01
1.231008e+01  2.644681e+01
1.229488e+01  2.555683e+01
1.227833e+01  2.467879e+01
1.225990e+01  2.381715e+01
1.223858e+01  2.298027e+01
1.221205e+01  2.218769e+01
1.216997e+01  2.152546e+01
1.496953e+01  6.123481e+01
1.492344e+01  6.022715e+01
1.488786e+01  5.921707e+01
1.485763e+01  5.820557e+01
1.483074e+01  5.719306e+01
1.480619e+01  5.617971e+01
1.478336e+01  5.516565e+01
1.476185e+01  5.415094e+01
1.474141e+01  5.313562e+01
1.472181e+01  5.211971e+01
1.470291e+01  5.110323e+01
1.468459e+01  5.008619e+01
1.466674e+01  4.906857e+01
1.464929e+01  4.805037e+01
1.463217e+01  4.703159e+01
1.461531e+01  4.601219e+01
1.459866e+01  4.499217e+01
1.458217e+01  4.397148e+01
1.456580e+01  4.295010e+01
1.454950e+01  4.192799e+01
1.453322e+01  4.090510e+01
1.451694e+01  3.988138e+01
1.450060e+01  3.885676e+01
1.448416e+01  3.783118e+01
1.446757e+01  3.680455e+01
1.445077e+01  3.577676e+01
1.443372e+01  3.474769e+01
1.441634e+01  3.371720e+01
1.439855e+01  3.268509e+01
1.438026e+01  3.165114e+01
1.436134e+01  3.061506e+01
1.434164e+01  2.957646e+01
1.432096e+01  2.853483e+01
1.429901e+01  2.748942e+01
1.427536e+01  2.643914e+01
1.424932e+01  2.538221e+01
1.421964e+01  2.431542e+01
1.418352e+01  2.323151e+01
1.413041e+01  2.210337e+01
1.519462e+01  6.119170e+01
1.524333e+01  6.016671e+01
1.528160e+01  5.914370e+01
1.531460e+01  5.812163e+01
1.534431e+01  5.710008e+01
1.537178e+01  5.607885e+01
1.539760e+01  5.505780e+01
1.542217e+01  5.403684e+01
1.544578e+01  5.301591e+01
1.546864e+01  5.199493e+01
1.549090e+01  5.097388e+01
1.551270e+01  4.995272e+01
1.553413e+01  4.893140e+01
1.555529e+01  4.790990e+01
1.557627e+01  4.688818e+01
1.559712e+01  4.586621e+01
1.561791e+01  4.484396e+01
1.563872e+01  4.382139e+01
1.565959e+01  4.279847e+01
1.568059e+01  4.177517e+01
1.570178e+01  4.075143e+01
1.572322e+01  3.972721e+01
1.574498e+01  3.870246e+01
1.576715e+01  3.767712e+01
1.578979e+01  3.665112e+01
1.581301e+01  3.562439e+01
1.583691e+01  3.459683e+01
1.586163e+01  3.356833e+01
1.588733e+01  3.253876e+01
1.591420e+01  3.150795e+01
1.594250e+01  3.047569e+01
1.597255e+01  2.944169e+01
1.600480e+01  2.840560e+01
1.603990e+01  2.736688e+01
1.607880e+01  2.632475e+01
1.612310e+01  2.527796e+01
1.617576e+01  2.422421e+01
1.624360e+01  2.315840e+01
1.635316e+01  2.206138e+01
1.283753e+01  1.672002e+02
1.280889e+01  1.663236e+02
1.278680e+01  1.654175e+02
1.276810e+01  1.644962e+02
1.275154e+01  1.635653e+02
1.273649e+01  1.626274e+02
1.272259e+01  1.616844e+02
1.270959e+01  1.607374e+02
1.269732e+01  1.597869e+02
1.268566e+01  1.588337e+02
1.267451e+01  1.578782e+02
1.266381e+01  1.569205e+02
1.265349e+01  1.559611e+02
1.264352e+01  1.550002e+02
1.263384e+01  1.540378e+02
1.262444e+01  1.530742e+02
1.261527e+01  1.521094e+02
1.260633e+01  1.511435e+02
1.259759e+01  1.501768e+02
1.258903e+01  1.492091e+02
1.258064e+01  1.482407e+02
1.257240e+01  1.472715e+02
1.256430e+01  1.463016e+02
1.255634e+01  1.453311e+02
1.254849e+01  1.443600e+02
1.254076e+01  1.433883e+02
1.253314e+01  1.424161e+02
1.252561e+01  1.414434e+02
1.251818e+01  1.404702e+02
1.251083e+01  1.394966e+02
1.250355e+01  1.385225e+02
1.249636e+01  1.375481e+02
1.248923e+01  1.365733e+02
1.248217e+01  1.355981e+02
1.247517e+01  1.346227e+02
1.246823e+01  1.336468e+02
1.246135e+01  1.326707e+02
1.245451e+01  1.316943e+02
1.244772e+01  1.307176e+02
1.244097e+01  1.297407e+02
1.243427e+01  1.287635e+02
1.242761e+01  1.277861e+02
1.242098e+01  1.268084e+02
1.241438e+01  1.258305e+02
1.240782e+01  1.248524e+02
1.240128e+01  1.238741e+02
1.239477e+01  1.228956e+02
1.238829e+01  1.219169e+02
1.238183e+01  1.209381e+02
1.237539e+01  1.199590e+02
1.236897e+01  1.189799e+02
1.236257e+01  1.180005e+02
1.235618e+01  1.170210e+02
1.234980e+01  1.160414e+02
1.234344e+01  1.150616e+02
1.233708e+01  1.140817e+02
1.233074e+01  1.131017e+02
1.232440e+01  1.121215e+02
1.231807e+01  1.111413e+02
1.231174e+01  1.101609e+02
1.230541e+01  1.091804e+02
1.229908e+01  1.081998e+02
1.229276e+01  1.072192e+02
1.228643e+01  1.062384e+02
1.228009e+01  1.052575e+02
1.227375e+01  1.042766e+02
1.226741e+01  1.032956e+02
1.226105e+01  1.023145e+02
1.225469e+01  1.013334e+02
1.224831e+01  1.003522e+02
1.224192e+01  9.937090e+01
1.223552e+01  9.838957e+01
1.222910e+01  9.740819e+01
1.222266e+01  9.642676e+01
1.221620e+01  9.544529e+01
1.220972e+01  9.446377e+01
1.220322e+01  9.348222e+01
1.219669e+01  9.250063e+01
1.219014e+01  9.151902e+01
1.218356e+01  9.053738e+01
1.217695e+01  8.955572e+01
1.217031e+01  8.857405e+01
1.216363e+01  8.759236e+01
1.215692e+01  8.661066e+01
1.215017e+01  8.562896e+01
1.214338e+01  8.464725e+01
1.213654e+01  8.366555e+01
1.212967e+01  8.268386e+01
1.212274e+01  8.170218e+01
1.211576e+01  8.072052e+01
1.210874e+01  7.973888e+01
1.210165e+01  7.875726e+01
1.209451e+01  7.777568e+01
1.208731e+01  7.679413e+01
1.208004e+01  7.581262e+01
1.207270e+01  7.483116e+01
1.206529e+01  7.384976e+01
1.205781e+01  7.286841e+01
1.205024e+01  7.188712e+01
1.204260e+01  7.090591e+01
1.203486e+01  6.992478e+01
1.202703e+01  6.894373e+01
1.201910e+01  6.796277e+01
1.201107e+01  6.698192e+01
1.200293e+01  6.600117e+01
1.199467e+01  6.502055e+01
1.198628e+01  6.404005e+01
1.197777e+01  6.305969e+01
1.196912e+01  6.207948e+01
1.196031e+01  6.109943e+01
1.195135e+01  6.011956e+01
1.194223e+01  5.913987e+01
1.193292e+01  5.816039e+01
1.192342e+01  5.718113e+01
1.191371e+01  5.620211e+01
1.190378e+01  5.522334e+01
1.189361e+01  5.424486e+01
1.188319e+01  5.326668e+01
1.187248e+01  5.228883e+01
1.186146e+01  5.131134e+01
1.185011e+01  5.033426e+01
1.183840e+01  4.935761e+01
1.182627e+01  4.838144e+01
1.181371e+01  4.740581e+01
1.180064e+01  4.643077e+01
1.178701e+01  4.545640e+01
1.177275e+01  4.448278e+01
1.175776e+01  4.351001e+01
1.174194e+01  4.253822e+01
1.172515e+01  4.156757e+01
1.170721e+01  4.059825e+01
1.168787e+01  3.963053e+01
1.166682e+01  3.866474e+01
1.164360e+01  3.770137e+01
1.161752e+01  3.674115e+01
1.158745e+01  3.578518e+01
1.155142e+01  3.483543e+01
1.150515e+01  3.389592e+01
1.143594e+01  3.297803e+01
1.297491e+01  1.665846e+02
1.300346e+01  1.654522e+02
1.302545e+01  1.643491e+02
1.304406e+01  1.632613e+02
1.306053e+01  1.621831e+02
1.307548e+01  1.611117e+02
1.308928e+01  1.600455e+02
1.310218e+01  1.589833e+02
1.311435e+01  1.579245e+02
1.312591e+01  1.568684e+02
1.313696e+01  1.558146e+02
1.314756e+01  1.547629e+02
1.315777e+01  1.537129e+02
1.316764e+01  1.526644e+02
1.317721e+01  1.516173e+02
1.318650e+01  1.505715e+02
1.319555e+01  1.495267e+02
1.320438e+01  1.484830e+02
1.321301e+01  1.474402e+02
1.322145e+01  1.463982e+02
1.322973e+01  1.453570e+02
1.323785e+01  1.443165e+02
1.324582e+01  1.432766e+02
1.325366e+01  1.422374e+02
1.326138e+01  1.411987e+02
1.326899e+01  1.401605e+02
1.327648e+01  1.391228e+02
1.328388e+01  1.380856e+02
1.329119e+01  1.370489e+02
1.329840e+01  1.360125e+02
1.330554e+01  1.349765e+02
1.331259e+01  1.339408e+02
1.331958e+01  1.329055e+02
1.332650e+01  1.318705e+02
1.333335e+01  1.308358e+02
1.334015e+01  1.298014e+02
1.334688e+01  1.287672e+02
1.335357e+01  1.277333e+02
1.336020e+01  1.266996e+02
1.336679e+01  1.256662e+02
1.337334e+01  1.246329e+02
1.337984e+01  1.235998e+02
1.338630e+01  1.225670e+02
1.339273e+01  1.215343e+02
1.339913e+01  1.205017e+02
1.340549e+01  1.194693e+02
1.341182e+01  1.184371e+02
1.341812e+01  1.174050e+02
1.342440e+01  1.163730e+02
1.343066e+01  1.153411e+02
1.343689e+01  1.143094e+02
1.344310e+01  1.132777e+02
1.344930e+01  1.122462e+02
1.345547e+01  1.112147e+02
1.346163e+01  1.101834e+02
1.346778e+01  1.091520e+02
1.347392e+01  1.081208e+02
1.348004e+01  1.070896e+02
1.348615e+01  1.060585e+02
1.349226e+01  1.050274e+02
1.349836e+01  1.039964e+02
1.350446e+01  1.029654e+02
1.351055e+01  1.019345e+02
1.351664e+01  1.009035e+02
1.352273e+01  9.987263e+01
1.352882e+01  9.884173e+01
1.353491e+01  9.781085e+01
1.354100e+01  9.677996e+01
1.354710e+01  9.574907e+01
1.355320e+01  9.471818e+01
1.355931e+01  9.368727e+01
1.356543e+01  9.265635e+01
1.357156e+01  9.162540e+01
1.357770e+01  9.059442e+01
1.358386e+01  8.956340e+01
1.359003e+01  8.853234e+01
1.359621e+01  8.750124e+01
1.360241e+01  8.647008e+01
1.360863e+01  8.543887e+01
1.361487e+01  8.440759e+01
1.362113e+01  8.337624e+01
1.362741e+01  8.234482e+01
1.363372e+01  8.131331e+01
1.364006e+01  8.028171e+01
1.364642e+01  7.925002e+01
1.365282e+01  7.821822e+01
1.365924e+01  7.718632e+01
1.366570e+01  7.615429e+01
1.367220e+01  7.512215e+01
1.367873e+01  7.408987e+01
1.368531e+01  7.305746e+01
1.369192e+01  7.202489e+01
1.369858e+01  7.099217e+01
1.370529e+01  6.995929e+01
1.371204e+01  6.892623e+01
1.371885e+01  6.789298e+01
1.372572e+01  6.685955e+01
1.373264e+01  6.582590e+01
1.373962e+01  6.479205e+01
1.374667e+01  6.375796e+01
1.375378e+01  6.272364e+01
1.376097e+01  6.168906e+01
1.376823e+01  6.065422e+01
1.377557e+01  5.961909e+01
1.378299e+01  5.858367e+01
1.379050e+01  5.754794e+01
1.379811e+01  5.651187e+01
1.380582e+01  5.547546e+01
1.381363e+01  5.443867e+01
1.382155e+01  5.340149e+01
1.382959e+01  5.236390e+01
1.383776e+01  5.132586e+01
1.384606e+01  5.028736e+01
1.385450e+01  4.924835e+01
1.386310e+01  4.820881e+01
1.387186e+01  4.716870e+01
1.388079e+01  4.612797e+01
1.388992e+01  4.508660e+01
1.389925e+01  4.404451e+01
1.390880e+01  4.300167e+01
1.391859e+01  4.195800e+01
1.392864e+01  4.091343e+01
1.393898e+01  3.986789e+01
1.394963e+01  3.882127e+01
1.396063e+01  3.777348e+01
1.397201e+01  3.672438e+01
1.398383e+01  3.567383e+01
1.399613e+01  3.462164e+01
1.400899e+01  3.356761e+01
1.402248e+01  3.251145e+01
1.403672e+01  3.145283e+01
1.405184e+01  3.039133e+01
1.406802e+01  2.932634e+01
1.408552e+01  2.825709e+01
1.410470e+01  2.718240e+01
1.412613e+01  2.610051e+01
1.415079e+01  2.500836e+01
1.418063e+01  2.389992e+01
1.422092e+01  2.275897e+01
1.494774e+01  3.512899e+01
1.488864e+01  3.415367e+01
1.484224e+01  3.318273e+01
1.480204e+01  3.221502e+01
1.476548e+01  3.125027e+01
1.473122e+01  3.028847e+01
1.469839e+01  2.932984e+01
1.466638e+01  2.837474e+01
1.463465e+01  2.742372e+01
1.460267e+01  2.647762e+01
1.456986e+01  2.553768e+01
1.453541e+01  2.460593e+01
1.449805e+01  2.368597e+01
1.445521e+01  2.278547e+01
1.439892e+01  2.192864e+01
1.523386e+01  3.518260e+01
1.529791e+01  3.422776e+01
1.534955e+01  3.327122e+01
1.539533e+01  3.231443e+01
1.543783e+01  3.135808e+01
1.547848e+01  3.040264e+01
1.551820e+01  2.944854e+01
1.555773e+01  2.849623e+01
1.559774e+01  2.754623e+01
1.563895e+01  2.659922e+01
1.568224e+01  2.565620e+01
1.572889e+01  2.471866e+01
1.578102e+01  2.378924e+01
1.584302e+01  2.287347e+01
1.592875e+01  2.198876e+01
1.684148e+01  3.050550e+01
1.673972e+01  2.947936e+01
1.665840e+01  2.844806e+01
1.658588e+01  2.741200e+01
1.651713e+01  2.637058e+01
1.644873e+01  2.532237e+01
1.637708e+01  2.426448e+01
1.629600e+01  2.319014e+01
1.618429e+01  2.207345e+01
1.735406e+01  3.046249e+01
1.748568e+01  2.942086e+01
1.760201e+01  2.837957e+01
1.771676e+01  2.733704e+01
1.783848e+01  2.629210e+01
1.797745e+01  2.524333e+01
1.815374e+01  2.418839e+01
1.843353e+01  2.312211e+01
2.248279e+01  2.200273e+01
1.479416e+01  9.453150e+01
1.475161e+01  9.370649e+01
1.471872e+01  9.284051e+01
1.469077e+01  9.195346e+01
1.466594e+01  9.105305e+01
1.464331e+01  9.014322e+01
1.462231e+01  8.922633e+01
1.460258e+01  8.830387e+01
1.458388e+01  8.737693e+01
1.456602e+01  8.644626e+01
1.454887e+01  8.551245e+01
1.453231e+01  8.457594e+01
1.451627e+01  8.363711e+01
1.450066e+01  8.269624e+01
1.448545e+01  8.175358e+01
1.447057e+01  8.080932e+01
1.445598e+01  7.986364e+01
1.444165e+01  7.891669e+01
1.442755e+01  7.796860e+01
1.441365e+01  7.701948e+01
1.439992e+01  7.606943e+01
1.438634e+01  7.511854e+01
1.437289e+01  7.416689e+01
1.435956e+01  7.321456e+01
1.434632e+01  7.226160e+01
1.433315e+01  7.130809e+01
1.432005e+01  7.035408e+01
1.430700e+01  6.939963e+01
1.429398e+01  6.844477e+01
1.428098e+01  6.748957e+01
1.426799e+01  6.653406e+01
1.425499e+01  6.557830e+01
1.424198e+01  6.462231e+01
1.422893e+01  6.366616e+01
1.421583e+01  6.270986e+01
1.420267e+01  6.175347e+01
1.418944e+01  6.079703e+01
1.417612e+01  5.984057e+01
1.416270e+01  5.888415e+01
1.414916e+01  5.792779e+01
1.413548e+01  5.697155e+01
1.412165e+01  5.601546e+01
1.410764e+01  5.505959e+01
1.409344e+01  5.410398e+01
1.407903e+01  5.314868e+01
1.406437e+01  5.219376e+01
1.404944e+01  5.123928e+01
1.403421e+01  5.028531e+01
1.401864e+01  4.933192e+01
1.400270e+01  4.837921e+01
1.398634e+01  4.742728e+01
1.396950e+01  4.647623e+01
1.395213e+01  4.552621e+01
1.393415e+01  4.457735e+01
1.391548e+01  4.362985e+01
1.389602e+01  4.268392e+01
1.387562e+01  4.173982e+01
1.385414e+01  4.079789e+01
1.383137e+01  3.985855e+01
1.380703e+01  3.892234e+01
1.378074e+01  3.799000e+01
1.375199e+01  3.706257e+01
1.371999e+01  3.614159e+01
1.368346e+01  3.522949e+01
1.364016e+01  3.433053e+01
1.358532e+01  3.345359e+01
1.350493e+01  3.262403e+01
1.499899e+01  9.366918e+01
1.504219e+01  9.248443e+01
1.507574e+01  9.134062e+01
1.510435e+01  9.021782e+01
1.512985e+01  8.910834e+01
1.515317e+01  8.800823e+01
1.517486e+01  8.691515e+01
1.519529e+01  8.582758e+01
1.521470e+01  8.474445e+01
1.523328e+01  8.366500e+01
1.525117e+01  8.258864e+01
1.526846e+01  8.151492e+01
1.528526e+01  8.044348e+01
1.530162e+01  7.937402e+01
1.531762e+01  7.830631e+01
1.533328e+01  7.724013e+01
1.534867e+01  7.617532e+01
1.536381e+01  7.511172e+01
1.537874e+01  7.404921e+01
1.539348e+01  7.298768e+01
1.540806e+01  7.192701e+01
1.542251e+01  7.086712e+01
1.543684e+01  6.980792e+01
1.545108e+01  6.874935e+01
1.546523e+01  6.769133e+01
1.547933e+01  6.663381e+01
1.549338e+01  6.557671e+01
1.550740e+01  6.452000e+01
1.552141e+01  6.346361e+01
1.553542e+01  6.240750e+01
1.554944e+01  6.135162e+01
1.556349e+01  6.029592e+01
1.557758e+01  5.924036e+01
1.559173e+01  5.818490e+01
1.560596e+01  5.712950e+01
1.562026e+01  5.607411e+01
1.563468e+01  5.501869e+01
1.564921e+01  5.396319e+01
1.566387e+01  5.290758e+01
1.567869e+01  5.185181e+01
1.569367e+01  5.079583e+01
1.570885e+01  4.973960e+01
1.572424e+01  4.868306e+01
1.573987e+01  4.762617e+01
1.575576e+01  4.656885e+01
1.577194e+01  4.551107e+01
1.578845e+01  4.445274e+01
1.580531e+01  4.339379e+01
1.582256e+01  4.233415e+01
1.584026e+01  4.127373e+01
1.585845e+01  4.021242e+01
1.587718e+01  3.915012e+01
1.589654e+01  3.808670e+01
1.591660e+01  3.702201e+01
1.593745e+01  3.595587e+01
1.595922e+01  3.488809e+01
1.598204e+01  3.381840e+01
1.600610e+01  3.274651e+01
1.603161e+01  3.167203e+01
1.605889e+01  3.059448e+01
1.608833e+01  2.951320e+01
1.612051e+01  2.842730e+01
1.615625e+01  2.733552e+01
1.619688e+01  2.623587e+01
1.624472e+01  2.512502e+01
1.630450e+01  2.399643e+01
1.638946e+01  2.283275e+01
1.664448e+01  4.291365e+01
1.655411e+01  4.227077e+01
1.648267e+01  4.155287e+01
1.642027e+01  4.079849e+01
1.636301e+01  4.002275e+01
1.630882e+01  3.923373e+01
1.625636e+01  3.843657e+01
1.620459e+01  3.763507e+01
1.615264e+01  3.683246e+01
1.609961e+01  3.603188e+01
1.604447e+01  3.523680e+01
1.598585e+01  3.445171e+01
1.592172e+01  3.368311e+01
1.584854e+01  3.294218e+01
1.575875e+01  3.225230e+01
1.562839e+01  3.168646e+01
1.708254e+01  4.123227e+01
1.718325e+01  3.987143e+01
1.726590e+01  3.858633e+01
1.734054e+01  3.733856e+01
1.741124e+01  3.611315e+01
1.748034e+01  3.490223e+01
1.754951e+01  3.370092e+01
1.762024e+01  3.250574e+01
1.769407e+01  3.131395e+01
1.777287e+01  3.012308e+01
1.785922e+01  2.893059e+01
1.795714e+01  2.773354e+01
1.807377e+01  2.652792e+01
1.822443e+01  2.530728e+01
1.845514e+01  2.405838e+01
1.931160e+01  2.271636e+01
