1.090937e+01  1.876952e+02
1.085655e+01  1.866952e+02
1.083196e+01  1.856952e+02
1.081296e+01  1.846952e+02
1.079685e+01  1.836952e+02
1.078260e+01  1.826952e+02
1.076965e+01  1.816952e+02
1.075769e+01  1.806952e+02
1.074650e+01  1.796952e+02
1.073596e+01  1.786952e+02
1.072594e+01  1.776952e+02
1.071636e+01  1.766952e+02
1.070718e+01  1.756952e+02
1.069833e+01  1.746952e+02
1.068978e+01  1.736952e+02
1.068150e+01  1.726952e+02
1.067345e+01  1.716952e+02
1.066562e+01  1.706952e+02
1.065798e+01  1.696952e+02
1.065052e+01  1.686952e+02
1.064322e+01  1.676952e+02
1.063607e+01  1.666952e+02
1.062906e+01  1.656952e+02
1.062218e+01  1.646952e+02
1.061541e+01  1.636952e+02
1.060875e+01  1.626952e+02
1.060220e+01  1.616952e+02
1.059574e+01  1.606952e+02
1.058938e+01  1.596952e+02
1.058309e+01  1.586952e+02
1.057689e+01  1.576952e+02
1.057076e+01  1.566952e+02
1.056470e+01  1.556952e+02
1.055871e+01  1.546952e+02
1.055278e+01  1.536952e+02
1.054691e+01  1.526952e+02
1.054110e+01  1.516952e+02
1.053533e+01  1.506952e+02
1.052962e+01  1.496952e+02
1.052396e+01  1.486952e+02
1.051834e+01  1.476952e+02
1.051276e+01  1.466952e+02
1.050723e+01  1.456952e+02
1.050173e+01  1.446952e+02
1.049627e+01  1.436952e+02
1.049084e+01  1.426952e+02
1.048545e+01  1.416952e+02
1.048008e+01  1.406952e+02
1.047475e+01  1.396952e+02
1.046944e+01  1.386952e+02
1.046416e+01  1.376952e+02
1.045891e+01  1.366952e+02
1.045368e+01  1.356952e+02
1.044847e+01  1.346952e+02
1.044328e+01  1.336952e+02
1.043811e+01  1.326952e+02
1.043297e+01  1.316952e+02
1.042783e+01  1.306952e+02
1.042272e+01  1.296952e+02
1.041762e+01  1.286952e+02
1.041253e+01  1.276952e+02
1.040746e+01  1.266952e+02
1.040240e+01  1.256952e+02
1.039735e+01  1.246952e+02
1.039231e+01  1.236952e+02
1.038728e+01  1.226952e+02
1.038226e+01  1.216952e+02
1.037725e+01  1.206952e+02
1.037224e+01  1.196952e+02
1.036724e+01  1.186952e+02
1.036225e+01  1.176952e+02
1.035726e+01  1.166952e+02
1.035227e+01  1.156952e+02
1.034728e+01  1.146952e+02
1.034230e+01  1.136952e+02
1.033732e+01  1.126952e+02
1.033233e+01  1.116952e+02
1.032735e+01  1.106952e+02
1.032237e+01  1.096952e+02
1.031738e+01  1.086952e+02
1.031239e+01  1.076952e+02
1.030740e+01  1.066952e+02
1.030240e+01  1.056952e+02
1.029740e+01  1.046952e+02
1.029239e+01  1.036952e+02
1.028737e+01  1.026952e+02
1.028235e+01  1.016952e+02
1.027732e+01  1.006952e+02
1.027228e+01  9.969515e+01
1.026723e+01  9.869515e+01
1.026216e+01  9.769515e+01
1.025709e+01  9.669515e+01
1.025200e+01  9.569515e+01
1.024690e+01  9.469515e+01
1.024179e+01  9.369515e+01
1.023666e+01  9.269515e+01
1.023151e+01  9.169515e+01
1.022634e+01  9.069515e+01
1.022116e+01  8.969515e+01
1.021596e+01  8.869515e+01
1.021074e+01  8.769515e+01
1.020550e+01  8.669515e+01
1.020023e+01  8.569515e+01
1.019494e+01  8.469515e+01
1.018963e+01  8.369515e+01
1.018429e+01  8.269515e+01
1.017893e+01  8.169515e+01
1.017353e+01  8.069515e+01
1.016811e+01  7.969515e+01
1.016266e+01  7.869515e+01
1.015717e+01  7.769515e+01
1.015165e+01  7.669515e+01
1.014610e+01  7.569515e+01
1.014051e+01  7.469515e+01
1.013488e+01  7.369515e+01
1.012921e+01  7.269515e+01
1.012350e+01  7.169515e+01
1.011774e+01  7.069515e+01
1.011194e+01  6.969515e+01
1.010610e+01  6.869515e+01
1.010020e+01  6.769515e+01
1.009426e+01  6.669515e+01
1.008825e+01  6.569515e+01
1.008220e+01  6.469515e+01
1.007608e+01  6.369515e+01
1.006990e+01  6.269515e+01
1.006366e+01  6.169515e+01
1.005735e+01  6.069515e+01
1.005097e+01  5.969515e+01
1.004451e+01  5.869515e+01
1.003797e+01  5.769515e+01
1.003136e+01  5.669515e+01
1.002465e+01  5.569515e+01
1.001786e+01  5.469515e+01
1.001097e+01  5.369515e+01
1.000398e+01  5.269515e+01
9.996876e+00  5.169515e+01
9.989662e+00  5.069515e+01
9.982329e+00  4.969515e+01
9.974868e+00  4.869515e+01
9.967271e+00  4.769515e+01
9.959529e+00  4.669515e+01
9.951633e+00  4.569515e+01
9.943571e+00  4.469515e+01
9.935332e+00  4.369515e+01
9.926902e+00  4.269515e+01
9.918266e+00  4.169515e+01
9.909407e+00  4.069515e+01
9.900306e+00  3.969515e+01
9.890940e+00  3.869515e+01
9.881284e+00  3.769515e+01
9.871308e+00  3.669515e+01
9.860979e+00  3.569515e+01
9.850255e+00  3.469515e+01
9.839088e+00  3.369515e+01
9.827417e+00  3.269515e+01
9.815170e+00  3.169515e+01
9.802256e+00  3.069515e+01
9.788554e+00  2.969515e+01
9.773909e+00  2.869515e+01
9.758106e+00  2.769515e+01
9.740838e+00  2.669515e+01
9.721636e+00  2.569515e+01
9.699720e+00  2.469515e+01
9.673605e+00  2.369515e+01
9.639653e+00  2.269515e+01
9.578450e+00  2.169515e+01
1.092307e+01  1.876952e+02
1.097568e+01  1.866952e+02
1.100006e+01  1.856952e+02
1.101885e+01  1.846952e+02
1.103474e+01  1.836952e+02
1.104878e+01  1.826952e+02
1.106151e+01  1.816952e+02
1.107325e+01  1.806952e+02
1.108422e+01  1.796952e+02
1.109454e+01  1.786952e+02
1.110434e+01  1.776952e+02
1.111369e+01  1.766952e+02
1.112265e+01  1.756952e+02
1.113127e+01  1.746952e+02
1.113959e+01  1.736952e+02
1.114764e+01  1.726952e+02
1.115546e+01  1.716952e+02
1.116305e+01  1.706952e+02
1.117046e+01  1.696952e+02
1.117768e+01  1.686952e+02
1.118474e+01  1.676952e+02
1.119165e+01  1.666952e+02
1.119842e+01  1.656952e+02
1.120507e+01  1.646952e+02
1.121159e+01  1.636952e+02
1.121800e+01  1.626952e+02
1.122430e+01  1.616952e+02
1.123051e+01  1.606952e+02
1.123663e+01  1.596952e+02
1.124266e+01  1.586952e+02
1.124860e+01  1.576952e+02
1.125448e+01  1.566952e+02
1.126028e+01  1.556952e+02
1.126601e+01  1.546952e+02
1.127168e+01  1.536952e+02
1.127728e+01  1.526952e+02
1.128283e+01  1.516952e+02
1.128832e+01  1.506952e+02
1.129376e+01  1.496952e+02
1.129916e+01  1.486952e+02
1.130450e+01  1.476952e+02
1.130980e+01  1.466952e+02
1.131506e+01  1.456952e+02
1.132027e+01  1.446952e+02
1.132545e+01  1.436952e+02
1.133059e+01  1.426952e+02
1.133570e+01  1.416952e+02
1.134077e+01  1.406952e+02
1.134581e+01  1.396952e+02
1.135083e+01  1.386952e+02
1.135581e+01  1.376952e+02
1.136076e+01  1.366952e+02
1.136569e+01  1.356952e+02
1.137059e+01  1.346952e+02
1.137547e+01  1.336952e+02
1.138033e+01  1.326952e+02
1.138517e+01  1.316952e+02
1.138998e+01  1.306952e+02
1.139478e+01  1.296952e+02
1.139956e+01  1.286952e+02
1.140432e+01  1.276952e+02
1.140907e+01  1.266952e+02
1.141380e+01  1.256952e+02
1.141851e+01  1.246952e+02
1.142322e+01  1.236952e+02
1.142791e+01  1.226952e+02
1.143258e+01  1.216952e+02
1.143725e+01  1.206952e+02
1.144191e+01  1.196952e+02
1.144656e+01  1.186952e+02
1.145120e+01  1.176952e+02
1.145583e+01  1.166952e+02
1.146045e+01  1.156952e+02
1.146507e+01  1.146952e+02
1.146968e+01  1.136952e+02
1.147429e+01  1.126952e+02
1.147889e+01  1.116952e+02
1.148350e+01  1.106952e+02
1.148809e+01  1.096952e+02
1.149269e+01  1.086952e+02
1.149728e+01  1.076952e+02
1.150188e+01  1.066952e+02
1.150647e+01  1.056952e+02
1.151107e+01  1.046952e+02
1.151566e+01  1.036952e+02
1.152026e+01  1.026952e+02
1.152486e+01  1.016952e+02
1.152947e+01  1.006952e+02
1.153408e+01  9.969515e+01
1.153869e+01  9.869515e+01
1.154331e+01  9.769515e+01
1.154794e+01  9.669515e+01
1.155257e+01  9.569515e+01
1.155721e+01  9.469515e+01
1.156187e+01  9.369515e+01
1.156653e+01  9.269515e+01
1.157120e+01  9.169515e+01
1.157588e+01  9.069515e+01
1.158057e+01  8.969515e+01
1.158527e+01  8.869515e+01
1.158999e+01  8.769515e+01
1.159473e+01  8.669515e+01
1.159947e+01  8.569515e+01
1.160424e+01  8.469515e+01
1.160902e+01  8.369515e+01
1.161382e+01  8.269515e+01
1.161864e+01  8.169515e+01
1.162347e+01  8.069515e+01
1.162833e+01  7.969515e+01
1.163321e+01  7.869515e+01
1.163812e+01  7.769515e+01
1.164304e+01  7.669515e+01
1.164800e+01  7.569515e+01
1.165298e+01  7.469515e+01
1.165798e+01  7.369515e+01
1.166302e+01  7.269515e+01
1.166809e+01  7.169515e+01
1.167319e+01  7.069515e+01
1.167832e+01  6.969515e+01
1.168349e+01  6.869515e+01
1.168869e+01  6.769515e+01
1.169393e+01  6.669515e+01
1.169921e+01  6.569515e+01
1.170454e+01  6.469515e+01
1.170991e+01  6.369515e+01
1.171532e+01  6.269515e+01
1.172079e+01  6.169515e+01
1.172630e+01  6.069515e+01
1.173187e+01  5.969515e+01
1.173749e+01  5.869515e+01
1.174318e+01  5.769515e+01
1.174892e+01  5.669515e+01
1.175473e+01  5.569515e+01
1.176061e+01  5.469515e+01
1.176656e+01  5.369515e+01
1.177259e+01  5.269515e+01
1.177870e+01  5.169515e+01
1.178489e+01  5.069515e+01
1.179118e+01  4.969515e+01
1.179756e+01  4.869515e+01
1.180405e+01  4.769515e+01
1.181064e+01  4.669515e+01
1.181735e+01  4.569515e+01
1.182419e+01  4.469515e+01
1.183116e+01  4.369515e+01
1.183827e+01  4.269515e+01
1.184554e+01  4.169515e+01
1.185298e+01  4.069515e+01
1.186060e+01  3.969515e+01
1.186842e+01  3.869515e+01
1.187645e+01  3.769515e+01
1.188473e+01  3.669515e+01
1.189327e+01  3.569515e+01
1.190211e+01  3.469515e+01
1.191128e+01  3.369515e+01
1.192082e+01  3.269515e+01
1.193079e+01  3.169515e+01
1.194127e+01  3.069515e+01
1.195232e+01  2.969515e+01
1.196408e+01  2.869515e+01
1.197669e+01  2.769515e+01
1.199039e+01  2.669515e+01
1.200550e+01  2.569515e+01
1.202261e+01  2.469515e+01
1.204280e+01  2.369515e+01
1.206869e+01  2.269515e+01
1.211435e+01  2.169515e+01
1.309471e+01  8.180853e+01
1.314370e+01  8.080853e+01
1.317479e+01  7.980853e+01
1.319980e+01  7.880853e+01
1.322144e+01  7.780853e+01
1.324088e+01  7.680853e+01
1.325874e+01  7.580853e+01
1.327542e+01  7.480853e+01
1.329116e+01  7.380853e+01
1.330614e+01  7.280853e+01
1.332050e+01  7.180853e+01
1.333433e+01  7.080853e+01
1.334772e+01  6.980853e+01
1.336073e+01  6.880853e+01
1.337341e+01  6.780853e+01
1.338580e+01  6.680853e+01
1.339794e+01  6.580853e+01
1.340987e+01  6.480853e+01
1.342161e+01  6.380853e+01
1.343318e+01  6.280853e+01
1.344461e+01  6.180853e+01
1.345592e+01  6.080853e+01
1.346712e+01  5.980853e+01
1.347823e+01  5.880853e+01
1.348927e+01  5.780853e+01
1.350025e+01  5.680853e+01
1.351118e+01  5.580853e+01
1.352208e+01  5.480853e+01
1.353296e+01  5.380853e+01
1.354384e+01  5.280853e+01
1.355471e+01  5.180853e+01
1.356560e+01  5.080853e+01
1.357652e+01  4.980853e+01
1.358748e+01  4.880853e+01
1.359849e+01  4.780853e+01
1.360957e+01  4.680853e+01
1.362073e+01  4.580853e+01
1.363199e+01  4.480853e+01
1.364335e+01  4.380853e+01
1.365484e+01  4.280853e+01
1.366648e+01  4.180853e+01
1.367828e+01  4.080853e+01
1.369027e+01  3.980853e+01
1.370246e+01  3.880853e+01
1.371490e+01  3.780853e+01
1.372761e+01  3.680853e+01
1.374062e+01  3.580853e+01
1.375398e+01  3.480853e+01
1.376774e+01  3.380853e+01
1.378196e+01  3.280853e+01
1.379672e+01  3.180853e+01
1.381210e+01  3.080853e+01
1.382822e+01  2.980853e+01
1.384524e+01  2.880853e+01
1.386337e+01  2.780853e+01
1.388291e+01  2.680853e+01
1.390431e+01  2.580853e+01
1.392831e+01  2.480853e+01
1.395628e+01  2.380853e+01
1.399149e+01  2.280853e+01
1.404831e+01  2.180853e+01
1.301113e+01  8.180853e+01
1.296285e+01  8.080853e+01
1.293248e+01  7.980853e+01
1.290820e+01  7.880853e+01
1.288730e+01  7.780853e+01
1.286861e+01  7.680853e+01
1.285151e+01  7.580853e+01
1.283560e+01  7.480853e+01
1.282065e+01  7.380853e+01
1.280646e+01  7.280853e+01
1.279291e+01  7.180853e+01
1.277990e+01  7.080853e+01
1.276735e+01  6.980853e+01
1.275519e+01  6.880853e+01
1.274338e+01  6.780853e+01
1.273186e+01  6.680853e+01
1.272061e+01  6.580853e+01
1.270960e+01  6.480853e+01
1.269879e+01  6.380853e+01
1.268816e+01  6.280853e+01
1.267769e+01  6.180853e+01
1.266737e+01  6.080853e+01
1.265717e+01  5.980853e+01
1.264708e+01  5.880853e+01
1.263709e+01  5.780853e+01
1.262718e+01  5.680853e+01
1.261734e+01  5.580853e+01
1.260755e+01  5.480853e+01
1.259782e+01  5.380853e+01
1.258812e+01  5.280853e+01
1.257844e+01  5.180853e+01
1.256878e+01  5.080853e+01
1.255912e+01  4.980853e+01
1.254946e+01  4.880853e+01
1.253978e+01  4.780853e+01
1.253008e+01  4.680853e+01
1.252033e+01  4.580853e+01
1.251053e+01  4.480853e+01
1.250068e+01  4.380853e+01
1.249074e+01  4.280853e+01
1.248072e+01  4.180853e+01
1.247059e+01  4.080853e+01
1.246034e+01  3.980853e+01
1.244995e+01  3.880853e+01
1.243940e+01  3.780853e+01
1.242867e+01  3.680853e+01
1.241772e+01  3.580853e+01
1.240653e+01  3.480853e+01
1.239506e+01  3.380853e+01
1.238326e+01  3.280853e+01
1.237108e+01  3.180853e+01
1.235846e+01  3.080853e+01
1.234530e+01  2.980853e+01
1.233150e+01  2.880853e+01
1.231690e+01  2.780853e+01
1.230128e+01  2.680853e+01
1.228433e+01  2.580853e+01
1.226550e+01  2.480853e+01
1.224379e+01  2.380853e+01
1.221688e+01  2.280853e+01
1.217442e+01  2.180853e+01
1.505776e+01  5.795258e+01
1.496636e+01  5.695258e+01
1.492008e+01  5.595258e+01
1.488408e+01  5.495258e+01
1.485337e+01  5.395258e+01
1.482599e+01  5.295258e+01
1.480093e+01  5.195258e+01
1.477760e+01  5.095258e+01
1.475558e+01  4.995258e+01
1.473460e+01  4.895258e+01
1.471446e+01  4.795258e+01
1.469501e+01  4.695258e+01
1.467610e+01  4.595258e+01
1.465765e+01  4.495258e+01
1.463957e+01  4.395258e+01
1.462179e+01  4.295258e+01
1.460423e+01  4.195258e+01
1.458685e+01  4.095258e+01
1.456957e+01  3.995258e+01
1.455236e+01  3.895258e+01
1.453516e+01  3.795258e+01
1.451792e+01  3.695258e+01
1.450058e+01  3.595258e+01
1.448308e+01  3.495258e+01
1.446536e+01  3.395258e+01
1.444736e+01  3.295258e+01
1.442898e+01  3.195258e+01
1.441012e+01  3.095258e+01
1.439067e+01  2.995258e+01
1.437046e+01  2.895258e+01
1.434930e+01  2.795258e+01
1.432688e+01  2.695258e+01
1.430278e+01  2.595258e+01
1.427630e+01  2.495258e+01
1.424620e+01  2.395258e+01
1.420966e+01  2.295258e+01
1.415611e+01  2.195258e+01
1.510725e+01  5.795258e+01
1.520135e+01  5.695258e+01
1.525040e+01  5.595258e+01
1.528924e+01  5.495258e+01
1.532288e+01  5.395258e+01
1.535326e+01  5.295258e+01
1.538140e+01  5.195258e+01
1.540793e+01  5.095258e+01
1.543323e+01  4.995258e+01
1.545759e+01  4.895258e+01
1.548123e+01  4.795258e+01
1.550431e+01  4.695258e+01
1.552696e+01  4.595258e+01
1.554929e+01  4.495258e+01
1.557141e+01  4.395258e+01
1.559340e+01  4.295258e+01
1.561533e+01  4.195258e+01
1.563728e+01  4.095258e+01
1.565933e+01  3.995258e+01
1.568155e+01  3.895258e+01
1.570401e+01  3.795258e+01
1.572680e+01  3.695258e+01
1.575001e+01  3.595258e+01
1.577372e+01  3.495258e+01
1.579807e+01  3.395258e+01
1.582317e+01  3.295258e+01
1.584918e+01  3.195258e+01
1.587631e+01  3.095258e+01
1.590479e+01  2.995258e+01
1.593494e+01  2.895258e+01
1.596721e+01  2.795258e+01
1.600221e+01  2.695258e+01
1.604088e+01  2.595258e+01
1.608474e+01  2.495258e+01
1.613662e+01  2.395258e+01
1.620305e+01  2.295258e+01
1.630918e+01  2.195258e+01
1.089857e+01  1.836952e+02
1.086969e+01  1.826952e+02
1.084948e+01  1.816952e+02
1.083297e+01  1.806952e+02
1.081864e+01  1.796952e+02
1.080580e+01  1.786952e+02
1.079405e+01  1.776952e+02
1.078316e+01  1.766952e+02
1.077294e+01  1.756952e+02
1.076329e+01  1.746952e+02
1.075413e+01  1.736952e+02
1.074537e+01  1.726952e+02
1.073697e+01  1.716952e+02
1.072888e+01  1.706952e+02
1.072108e+01  1.696952e+02
1.071353e+01  1.686952e+02
1.070621e+01  1.676952e+02
1.069909e+01  1.666952e+02
1.069216e+01  1.656952e+02
1.068541e+01  1.646952e+02
1.067882e+01  1.636952e+02
1.067239e+01  1.626952e+02
1.066609e+01  1.616952e+02
1.065992e+01  1.606952e+02
1.065387e+01  1.596952e+02
1.064794e+01  1.586952e+02
1.064212e+01  1.576952e+02
1.063640e+01  1.566952e+02
1.063077e+01  1.556952e+02
1.062524e+01  1.546952e+02
1.061980e+01  1.536952e+02
1.061445e+01  1.526952e+02
1.060917e+01  1.516952e+02
1.060397e+01  1.506952e+02
1.059885e+01  1.496952e+02
1.059380e+01  1.486952e+02
1.058882e+01  1.476952e+02
1.058390e+01  1.466952e+02
1.057905e+01  1.456952e+02
1.057426e+01  1.446952e+02
1.056954e+01  1.436952e+02
1.056487e+01  1.426952e+02
1.056026e+01  1.416952e+02
1.055571e+01  1.406952e+02
1.055122e+01  1.396952e+02
1.054677e+01  1.386952e+02
1.054239e+01  1.376952e+02
1.053805e+01  1.366952e+02
1.053377e+01  1.356952e+02
1.052954e+01  1.346952e+02
1.052536e+01  1.336952e+02
1.052124e+01  1.326952e+02
1.051716e+01  1.316952e+02
1.051313e+01  1.306952e+02
1.050916e+01  1.296952e+02
1.050523e+01  1.286952e+02
1.050135e+01  1.276952e+02
1.049753e+01  1.266952e+02
1.049375e+01  1.256952e+02
1.049003e+01  1.246952e+02
1.048636e+01  1.236952e+02
1.048274e+01  1.226952e+02
1.047918e+01  1.216952e+02
1.047567e+01  1.206952e+02
1.047221e+01  1.196952e+02
1.046881e+01  1.186952e+02
1.046547e+01  1.176952e+02
1.046219e+01  1.166952e+02
1.045897e+01  1.156952e+02
1.045581e+01  1.146952e+02
1.045271e+01  1.136952e+02
1.044968e+01  1.126952e+02
1.044672e+01  1.116952e+02
1.044383e+01  1.106952e+02
1.044101e+01  1.096952e+02
1.043827e+01  1.086952e+02
1.043560e+01  1.076952e+02
1.043302e+01  1.066952e+02
1.043053e+01  1.056952e+02
1.042812e+01  1.046952e+02
1.042581e+01  1.036952e+02
1.042360e+01  1.026952e+02
1.042149e+01  1.016952e+02
1.041949e+01  1.006952e+02
1.041761e+01  9.969515e+01
1.041584e+01  9.869515e+01
1.041420e+01  9.769515e+01
1.041270e+01  9.669515e+01
1.041134e+01  9.569515e+01
1.041013e+01  9.469515e+01
1.040908e+01  9.369515e+01
1.040820e+01  9.269515e+01
1.040751e+01  9.169515e+01
1.040700e+01  9.069515e+01
1.040670e+01  8.969515e+01
1.040662e+01  8.869515e+01
1.040677e+01  8.769515e+01
1.040717e+01  8.669515e+01
1.040784e+01  8.569515e+01
1.040880e+01  8.469515e+01
1.041005e+01  8.369515e+01
1.041164e+01  8.269515e+01
1.041358e+01  8.169515e+01
1.041589e+01  8.069515e+01
1.041861e+01  7.969515e+01
1.042176e+01  7.869515e+01
1.042537e+01  7.769515e+01
1.042948e+01  7.669515e+01
1.043412e+01  7.569515e+01
1.043933e+01  7.469515e+01
1.044515e+01  7.369515e+01
1.045160e+01  7.269515e+01
1.045874e+01  7.169515e+01
1.046660e+01  7.069515e+01
1.047522e+01  6.969515e+01
1.048464e+01  6.869515e+01
1.049488e+01  6.769515e+01
1.050598e+01  6.669515e+01
1.051795e+01  6.569515e+01
1.053081e+01  6.469515e+01
1.054455e+01  6.369515e+01
1.055918e+01  6.269515e+01
1.057467e+01  6.169515e+01
1.059099e+01  6.069515e+01
1.060809e+01  5.969515e+01
1.062592e+01  5.869515e+01
1.064442e+01  5.769515e+01
1.066351e+01  5.669515e+01
1.068312e+01  5.569515e+01
1.070317e+01  5.469515e+01
1.072359e+01  5.369515e+01
1.074430e+01  5.269515e+01
1.076524e+01  5.169515e+01
1.078634e+01  5.069515e+01
1.080755e+01  4.969515e+01
1.082883e+01  4.869515e+01
1.085015e+01  4.769515e+01
1.087146e+01  4.669515e+01
1.089276e+01  4.569515e+01
1.091403e+01  4.469515e+01
1.093525e+01  4.369515e+01
1.095644e+01  4.269515e+01
1.097759e+01  4.169515e+01
1.099873e+01  4.069515e+01
1.101985e+01  3.969515e+01
1.104099e+01  3.869515e+01
1.106217e+01  3.769515e+01
1.108343e+01  3.669515e+01
1.110480e+01  3.569515e+01
1.112633e+01  3.469515e+01
1.114809e+01  3.369515e+01
1.117012e+01  3.269515e+01
1.119253e+01  3.169515e+01
1.121542e+01  3.069515e+01
1.123891e+01  2.969515e+01
1.126317e+01  2.869515e+01
1.128845e+01  2.769515e+01
1.131507e+01  2.669515e+01
1.134353e+01  2.569515e+01
1.137467e+01  2.469515e+01
1.141005e+01  2.369515e+01
1.145354e+01  2.269515e+01
1.152565e+01  2.169515e+01
1.098354e+01  1.836952e+02
1.101262e+01  1.826952e+02
1.103303e+01  1.816952e+02
1.104975e+01  1.806952e+02
1.106430e+01  1.796952e+02
1.107736e+01  1.786952e+02
1.108933e+01  1.776952e+02
1.110046e+01  1.766952e+02
1.111092e+01  1.756952e+02
1.112081e+01  1.746952e+02
1.113023e+01  1.736952e+02
1.113925e+01  1.726952e+02
1.114792e+01  1.716952e+02
1.115628e+01  1.706952e+02
1.116436e+01  1.696952e+02
1.117220e+01  1.686952e+02
1.117982e+01  1.676952e+02
1.118724e+01  1.666952e+02
1.119448e+01  1.656952e+02
1.120156e+01  1.646952e+02
1.120848e+01  1.636952e+02
1.121526e+01  1.626952e+02
1.122191e+01  1.616952e+02
1.122844e+01  1.606952e+02
1.123485e+01  1.596952e+02
1.124117e+01  1.586952e+02
1.124738e+01  1.576952e+02
1.125350e+01  1.566952e+02
1.125954e+01  1.556952e+02
1.126549e+01  1.546952e+02
1.127137e+01  1.536952e+02
1.127718e+01  1.526952e+02
1.128292e+01  1.516952e+02
1.128859e+01  1.506952e+02
1.129421e+01  1.496952e+02
1.129977e+01  1.486952e+02
1.130527e+01  1.476952e+02
1.131072e+01  1.466952e+02
1.131612e+01  1.456952e+02
1.132148e+01  1.446952e+02
1.132679e+01  1.436952e+02
1.133206e+01  1.426952e+02
1.133729e+01  1.416952e+02
1.134248e+01  1.406952e+02
1.134763e+01  1.396952e+02
1.135275e+01  1.386952e+02
1.135784e+01  1.376952e+02
1.136290e+01  1.366952e+02
1.136793e+01  1.356952e+02
1.137293e+01  1.346952e+02
1.137790e+01  1.336952e+02
1.138285e+01  1.326952e+02
1.138777e+01  1.316952e+02
1.139267e+01  1.306952e+02
1.139755e+01  1.296952e+02
1.140240e+01  1.286952e+02
1.140724e+01  1.276952e+02
1.141206e+01  1.266952e+02
1.141686e+01  1.256952e+02
1.142165e+01  1.246952e+02
1.142642e+01  1.236952e+02
1.143118e+01  1.226952e+02
1.143592e+01  1.216952e+02
1.144065e+01  1.206952e+02
1.144537e+01  1.196952e+02
1.145008e+01  1.186952e+02
1.145478e+01  1.176952e+02
1.145947e+01  1.166952e+02
1.146415e+01  1.156952e+02
1.146882e+01  1.146952e+02
1.147348e+01  1.136952e+02
1.147814e+01  1.126952e+02
1.148280e+01  1.116952e+02
1.148745e+01  1.106952e+02
1.149210e+01  1.096952e+02
1.149674e+01  1.086952e+02
1.150138e+01  1.076952e+02
1.150602e+01  1.066952e+02
1.151066e+01  1.056952e+02
1.151530e+01  1.046952e+02
1.151994e+01  1.036952e+02
1.152458e+01  1.026952e+02
1.152922e+01  1.016952e+02
1.153387e+01  1.006952e+02
1.153852e+01  9.969515e+01
1.154317e+01  9.869515e+01
1.154783e+01  9.769515e+01
1.155249e+01  9.669515e+01
1.155716e+01  9.569515e+01
1.156184e+01  9.469515e+01
1.156653e+01  9.369515e+01
1.157122e+01  9.269515e+01
1.157593e+01  9.169515e+01
1.158064e+01  9.069515e+01
1.158537e+01  8.969515e+01
1.159011e+01  8.869515e+01
1.159486e+01  8.769515e+01
1.159962e+01  8.669515e+01
1.160440e+01  8.569515e+01
1.160920e+01  8.469515e+01
1.161401e+01  8.369515e+01
1.161884e+01  8.269515e+01
1.162369e+01  8.169515e+01
1.162855e+01  8.069515e+01
1.163344e+01  7.969515e+01
1.163835e+01  7.869515e+01
1.164328e+01  7.769515e+01
1.164824e+01  7.669515e+01
1.165322e+01  7.569515e+01
1.165822e+01  7.469515e+01
1.166326e+01  7.369515e+01
1.166832e+01  7.269515e+01
1.167341e+01  7.169515e+01
1.167854e+01  7.069515e+01
1.168370e+01  6.969515e+01
1.168889e+01  6.869515e+01
1.169412e+01  6.769515e+01
1.169939e+01  6.669515e+01
1.170469e+01  6.569515e+01
1.171004e+01  6.469515e+01
1.171544e+01  6.369515e+01
1.172087e+01  6.269515e+01
1.172636e+01  6.169515e+01
1.173190e+01  6.069515e+01
1.173749e+01  5.969515e+01
1.174314e+01  5.869515e+01
1.174884e+01  5.769515e+01
1.175461e+01  5.669515e+01
1.176044e+01  5.569515e+01
1.176634e+01  5.469515e+01
1.177232e+01  5.369515e+01
1.177837e+01  5.269515e+01
1.178450e+01  5.169515e+01
1.179072e+01  5.069515e+01
1.179702e+01  4.969515e+01
1.180343e+01  4.869515e+01
1.180993e+01  4.769515e+01
1.181655e+01  4.669515e+01
1.182328e+01  4.569515e+01
1.183014e+01  4.469515e+01
1.183713e+01  4.369515e+01
1.184426e+01  4.269515e+01
1.185155e+01  4.169515e+01
1.185901e+01  4.069515e+01
1.186665e+01  3.969515e+01
1.187449e+01  3.869515e+01
1.188255e+01  3.769515e+01
1.189084e+01  3.669515e+01
1.189941e+01  3.569515e+01
1.190826e+01  3.469515e+01
1.191745e+01  3.369515e+01
1.192702e+01  3.269515e+01
1.193701e+01  3.169515e+01
1.194751e+01  3.069515e+01
1.195859e+01  2.969515e+01
1.197037e+01  2.869515e+01
1.198300e+01  2.769515e+01
1.199672e+01  2.669515e+01
1.201186e+01  2.569515e+01
1.202900e+01  2.469515e+01
1.204921e+01  2.369515e+01
1.207515e+01  2.269515e+01
1.212086e+01  2.169515e+01
1.294761e+01  7.980853e+01
1.292135e+01  7.880853e+01
1.289926e+01  7.780853e+01
1.287976e+01  7.680853e+01
1.286205e+01  7.580853e+01
1.284569e+01  7.480853e+01
1.283036e+01  7.380853e+01
1.281587e+01  7.280853e+01
1.280206e+01  7.180853e+01
1.278883e+01  7.080853e+01
1.277608e+01  6.980853e+01
1.276376e+01  6.880853e+01
1.275180e+01  6.780853e+01
1.274015e+01  6.680853e+01
1.272879e+01  6.580853e+01
1.271766e+01  6.480853e+01
1.270676e+01  6.380853e+01
1.269604e+01  6.280853e+01
1.268549e+01  6.180853e+01
1.267509e+01  6.080853e+01
1.266482e+01  5.980853e+01
1.265467e+01  5.880853e+01
1.264462e+01  5.780853e+01
1.263465e+01  5.680853e+01
1.262476e+01  5.580853e+01
1.261493e+01  5.480853e+01
1.260515e+01  5.380853e+01
1.259541e+01  5.280853e+01
1.258569e+01  5.180853e+01
1.257599e+01  5.080853e+01
1.256630e+01  4.980853e+01
1.255660e+01  4.880853e+01
1.254689e+01  4.780853e+01
1.253716e+01  4.680853e+01
1.252738e+01  4.580853e+01
1.251756e+01  4.480853e+01
1.250768e+01  4.380853e+01
1.249772e+01  4.280853e+01
1.248768e+01  4.180853e+01
1.247753e+01  4.080853e+01
1.246725e+01  3.980853e+01
1.245684e+01  3.880853e+01
1.244627e+01  3.780853e+01
1.243552e+01  3.680853e+01
1.242455e+01  3.580853e+01
1.241335e+01  3.480853e+01
1.240186e+01  3.380853e+01
1.239004e+01  3.280853e+01
1.237785e+01  3.180853e+01
1.236521e+01  3.080853e+01
1.235204e+01  2.980853e+01
1.233822e+01  2.880853e+01
1.232361e+01  2.780853e+01
1.230798e+01  2.680853e+01
1.229100e+01  2.580853e+01
1.227215e+01  2.480853e+01
1.225043e+01  2.380853e+01
1.222349e+01  2.280853e+01
1.218099e+01  2.180853e+01
1.316730e+01  7.980853e+01
1.319430e+01  7.880853e+01
1.321713e+01  7.780853e+01
1.323739e+01  7.680853e+01
1.325587e+01  7.580853e+01
1.327301e+01  7.480853e+01
1.328913e+01  7.380853e+01
1.330443e+01  7.280853e+01
1.331905e+01  7.180853e+01
1.333311e+01  7.080853e+01
1.334670e+01  6.980853e+01
1.335988e+01  6.880853e+01
1.337272e+01  6.780853e+01
1.338525e+01  6.680853e+01
1.339752e+01  6.580853e+01
1.340956e+01  6.480853e+01
1.342140e+01  6.380853e+01
1.343307e+01  6.280853e+01
1.344459e+01  6.180853e+01
1.345598e+01  6.080853e+01
1.346726e+01  5.980853e+01
1.347844e+01  5.880853e+01
1.348955e+01  5.780853e+01
1.350059e+01  5.680853e+01
1.351158e+01  5.580853e+01
1.352254e+01  5.480853e+01
1.353347e+01  5.380853e+01
1.354439e+01  5.280853e+01
1.355531e+01  5.180853e+01
1.356625e+01  5.080853e+01
1.357721e+01  4.980853e+01
1.358821e+01  4.880853e+01
1.359926e+01  4.780853e+01
1.361038e+01  4.680853e+01
1.362157e+01  4.580853e+01
1.363286e+01  4.480853e+01
1.364426e+01  4.380853e+01
1.365578e+01  4.280853e+01
1.366745e+01  4.180853e+01
1.367928e+01  4.080853e+01
1.369129e+01  3.980853e+01
1.370352e+01  3.880853e+01
1.371598e+01  3.780853e+01
1.372871e+01  3.680853e+01
1.374175e+01  3.580853e+01
1.375513e+01  3.480853e+01
1.376892e+01  3.380853e+01
1.378316e+01  3.280853e+01
1.379794e+01  3.180853e+01
1.381334e+01  3.080853e+01
1.382948e+01  2.980853e+01
1.384653e+01  2.880853e+01
1.386468e+01  2.780853e+01
1.388424e+01  2.680853e+01
1.390566e+01  2.580853e+01
1.392967e+01  2.480853e+01
1.395767e+01  2.380853e+01
1.399290e+01  2.280853e+01
1.404974e+01  2.180853e+01
1.504438e+01  5.795258e+01
1.496433e+01  5.695258e+01
1.491924e+01  5.595258e+01
1.488378e+01  5.495258e+01
1.485339e+01  5.395258e+01
1.482624e+01  5.295258e+01
1.480135e+01  5.195258e+01
1.477815e+01  5.095258e+01
1.475623e+01  4.995258e+01
1.473535e+01  4.895258e+01
1.471528e+01  4.795258e+01
1.469589e+01  4.695258e+01
1.467704e+01  4.595258e+01
1.465864e+01  4.495258e+01
1.464060e+01  4.395258e+01
1.462286e+01  4.295258e+01
1.460534e+01  4.195258e+01
1.458798e+01  4.095258e+01
1.457074e+01  3.995258e+01
1.455356e+01  3.895258e+01
1.453638e+01  3.795258e+01
1.451916e+01  3.695258e+01
1.450184e+01  3.595258e+01
1.448436e+01  3.495258e+01
1.446667e+01  3.395258e+01
1.444868e+01  3.295258e+01
1.443031e+01  3.195258e+01
1.441147e+01  3.095258e+01
1.439204e+01  2.995258e+01
1.437184e+01  2.895258e+01
1.435069e+01  2.795258e+01
1.432828e+01  2.695258e+01
1.430419e+01  2.595258e+01
1.427773e+01  2.495258e+01
1.424764e+01  2.395258e+01
1.421111e+01  2.295258e+01
1.415756e+01  2.195258e+01
1.512519e+01  5.795258e+01
1.520795e+01  5.695258e+01
1.525582e+01  5.595258e+01
1.529414e+01  5.495258e+01
1.532745e+01  5.395258e+01
1.535762e+01  5.295258e+01
1.538561e+01  5.195258e+01
1.541201e+01  5.095258e+01
1.543722e+01  4.995258e+01
1.546151e+01  4.895258e+01
1.548509e+01  4.795258e+01
1.550812e+01  4.695258e+01
1.553073e+01  4.595258e+01
1.555304e+01  4.495258e+01
1.557513e+01  4.395258e+01
1.559709e+01  4.295258e+01
1.561901e+01  4.195258e+01
1.564095e+01  4.095258e+01
1.566299e+01  3.995258e+01
1.568520e+01  3.895258e+01
1.570766e+01  3.795258e+01
1.573045e+01  3.695258e+01
1.575366e+01  3.595258e+01
1.577739e+01  3.495258e+01
1.580174e+01  3.395258e+01
1.582686e+01  3.295258e+01
1.585290e+01  3.195258e+01
1.588005e+01  3.095258e+01
1.590856e+01  2.995258e+01
1.593875e+01  2.895258e+01
1.597106e+01  2.795258e+01
1.600612e+01  2.695258e+01
1.604486e+01  2.595258e+01
1.608881e+01  2.495258e+01
1.614082e+01  2.395258e+01
1.620744e+01  2.295258e+01
1.631399e+01  2.195258e+01
