1.088518e+01  1.996952e+02
1.084643e+01  1.986952e+02
1.082338e+01  1.976952e+02
1.080515e+01  1.966952e+02
1.078956e+01  1.956952e+02
1.077568e+01  1.946952e+02
1.076303e+01  1.936952e+02
1.075132e+01  1.926952e+02
1.074035e+01  1.916952e+02
1.072999e+01  1.906952e+02
1.072014e+01  1.896952e+02
1.071073e+01  1.886952e+02
1.070168e+01  1.876952e+02
1.069297e+01  1.866952e+02
1.068454e+01  1.856952e+02
1.067637e+01  1.846952e+02
1.066844e+01  1.836952e+02
1.066071e+01  1.826952e+02
1.065317e+01  1.816952e+02
1.064581e+01  1.806952e+02
1.063861e+01  1.796952e+02
1.063155e+01  1.786952e+02
1.062462e+01  1.776952e+02
1.061783e+01  1.766952e+02
1.061114e+01  1.756952e+02
1.060457e+01  1.746952e+02
1.059810e+01  1.736952e+02
1.059172e+01  1.726952e+02
1.058543e+01  1.716952e+02
1.057923e+01  1.706952e+02
1.057310e+01  1.696952e+02
1.056705e+01  1.686952e+02
1.056106e+01  1.676952e+02
1.055514e+01  1.666952e+02
1.054929e+01  1.656952e+02
1.054349e+01  1.646952e+02
1.053775e+01  1.636952e+02
1.053206e+01  1.626952e+02
1.052642e+01  1.616952e+02
1.052083e+01  1.606952e+02
1.051528e+01  1.596952e+02
1.050978e+01  1.586952e+02
1.050431e+01  1.576952e+02
1.049889e+01  1.566952e+02
1.049350e+01  1.556952e+02
1.048814e+01  1.546952e+02
1.048282e+01  1.536952e+02
1.047753e+01  1.526952e+02
1.047227e+01  1.516952e+02
1.046704e+01  1.506952e+02
1.046184e+01  1.496952e+02
1.045666e+01  1.486952e+02
1.045150e+01  1.476952e+02
1.044637e+01  1.466952e+02
1.044126e+01  1.456952e+02
1.043617e+01  1.446952e+02
1.043110e+01  1.436952e+02
1.042604e+01  1.426952e+02
1.042101e+01  1.416952e+02
1.041599e+01  1.406952e+02
1.041098e+01  1.396952e+02
1.040599e+01  1.386952e+02
1.040102e+01  1.376952e+02
1.039605e+01  1.366952e+02
1.039110e+01  1.356952e+02
1.038616e+01  1.346952e+02
1.038122e+01  1.336952e+02
1.037630e+01  1.326952e+02
1.037138e+01  1.316952e+02
1.036647e+01  1.306952e+02
1.036157e+01  1.296952e+02
1.035668e+01  1.286952e+02
1.035178e+01  1.276952e+02
1.034690e+01  1.266952e+02
1.034201e+01  1.256952e+02
1.033713e+01  1.246952e+02
1.033225e+01  1.236952e+02
1.032737e+01  1.226952e+02
1.032250e+01  1.216952e+02
1.031762e+01  1.206952e+02
1.031274e+01  1.196952e+02
1.030786e+01  1.186952e+02
1.030298e+01  1.176952e+02
1.029809e+01  1.166952e+02
1.029320e+01  1.156952e+02
1.028831e+01  1.146952e+02
1.028341e+01  1.136952e+02
1.027851e+01  1.126952e+02
1.027360e+01  1.116952e+02
1.026868e+01  1.106952e+02
1.026375e+01  1.096952e+02
1.025882e+01  1.086952e+02
1.025388e+01  1.076952e+02
1.024892e+01  1.066952e+02
1.024396e+01  1.056952e+02
1.023898e+01  1.046952e+02
1.023399e+01  1.036952e+02
1.022899e+01  1.026952e+02
1.022398e+01  1.016952e+02
1.021895e+01  1.006952e+02
1.021390e+01  9.969515e+01
1.020884e+01  9.869515e+01
1.020376e+01  9.769515e+01
1.019866e+01  9.669515e+01
1.019354e+01  9.569515e+01
1.018841e+01  9.469515e+01
1.018325e+01  9.369515e+01
1.017807e+01  9.269515e+01
1.017287e+01  9.169515e+01
1.016764e+01  9.069515e+01
1.016239e+01  8.969515e+01
1.015712e+01  8.869515e+01
1.015181e+01  8.769515e+01
1.014648e+01  8.669515e+01
1.014112e+01  8.569515e+01
1.013573e+01  8.469515e+01
1.013031e+01  8.369515e+01
1.012485e+01  8.269515e+01
1.011936e+01  8.169515e+01
1.011384e+01  8.069515e+01
1.010827e+01  7.969515e+01
1.010267e+01  7.869515e+01
1.009703e+01  7.769515e+01
1.009135e+01  7.669515e+01
1.008562e+01  7.569515e+01
1.007985e+01  7.469515e+01
1.007403e+01  7.369515e+01
1.006816e+01  7.269515e+01
1.006224e+01  7.169515e+01
1.005627e+01  7.069515e+01
1.005024e+01  6.969515e+01
1.004416e+01  6.869515e+01
1.003801e+01  6.769515e+01
1.003180e+01  6.669515e+01
1.002553e+01  6.569515e+01
1.001918e+01  6.469515e+01
1.001277e+01  6.369515e+01
1.000628e+01  6.269515e+01
9.999708e+00  6.169515e+01
9.993056e+00  6.069515e+01
9.986318e+00  5.969515e+01
9.979490e+00  5.869515e+01
9.972567e+00  5.769515e+01
9.965543e+00  5.669515e+01
9.958415e+00  5.569515e+01
9.951175e+00  5.469515e+01
9.943819e+00  5.369515e+01
9.936338e+00  5.269515e+01
9.928728e+00  5.169515e+01
9.920978e+00  5.069515e+01
9.913082e+00  4.969515e+01
9.905030e+00  4.869515e+01
9.896811e+00  4.769515e+01
9.888414e+00  4.669515e+01
9.879827e+00  4.569515e+01
9.871037e+00  4.469515e+01
9.862027e+00  4.369515e+01
9.852781e+00  4.269515e+01
9.843279e+00  4.169515e+01
9.833499e+00  4.069515e+01
9.823417e+00  3.969515e+01
9.813004e+00  3.869515e+01
9.802226e+00  3.769515e+01
9.791045e+00  3.669515e+01
9.779417e+00  3.569515e+01
9.767285e+00  3.469515e+01
9.754587e+00  3.369515e+01
9.741243e+00  3.269515e+01
9.727154e+00  3.169515e+01
9.712197e+00  3.069515e+01
9.696209e+00  2.969515e+01
9.678978e+00  2.869515e+01
9.660207e+00  2.769515e+01
9.639469e+00  2.669515e+01
9.616107e+00  2.569515e+01
9.589017e+00  2.469515e+01
9.556072e+00  2.369515e+01
9.511987e+00  2.269515e+01
9.428000e+00  2.169515e+01
1.093549e+01  1.996952e+02
1.097398e+01  1.986952e+02
1.099678e+01  1.976952e+02
1.101475e+01  1.966952e+02
1.103008e+01  1.956952e+02
1.104370e+01  1.946952e+02
1.105609e+01  1.936952e+02
1.106753e+01  1.926952e+02
1.107824e+01  1.916952e+02
1.108833e+01  1.906952e+02
1.109791e+01  1.896952e+02
1.110705e+01  1.886952e+02
1.111582e+01  1.876952e+02
1.112426e+01  1.866952e+02
1.113241e+01  1.856952e+02
1.114030e+01  1.846952e+02
1.114796e+01  1.836952e+02
1.115540e+01  1.826952e+02
1.116266e+01  1.816952e+02
1.116973e+01  1.806952e+02
1.117665e+01  1.796952e+02
1.118342e+01  1.786952e+02
1.119005e+01  1.776952e+02
1.119655e+01  1.766952e+02
1.120294e+01  1.756952e+02
1.120921e+01  1.746952e+02
1.121538e+01  1.736952e+02
1.122146e+01  1.726952e+02
1.122744e+01  1.716952e+02
1.123334e+01  1.706952e+02
1.123916e+01  1.696952e+02
1.124490e+01  1.686952e+02
1.125057e+01  1.676952e+02
1.125617e+01  1.666952e+02
1.126170e+01  1.656952e+02
1.126718e+01  1.646952e+02
1.127260e+01  1.636952e+02
1.127796e+01  1.626952e+02
1.128327e+01  1.616952e+02
1.128853e+01  1.606952e+02
1.129374e+01  1.596952e+02
1.129891e+01  1.586952e+02
1.130403e+01  1.576952e+02
1.130912e+01  1.566952e+02
1.131416e+01  1.556952e+02
1.131917e+01  1.546952e+02
1.132414e+01  1.536952e+02
1.132907e+01  1.526952e+02
1.133398e+01  1.516952e+02
1.133885e+01  1.506952e+02
1.134369e+01  1.496952e+02
1.134850e+01  1.486952e+02
1.135329e+01  1.476952e+02
1.135805e+01  1.466952e+02
1.136279e+01  1.456952e+02
1.136750e+01  1.446952e+02
1.137219e+01  1.436952e+02
1.137685e+01  1.426952e+02
1.138150e+01  1.416952e+02
1.138613e+01  1.406952e+02
1.139073e+01  1.396952e+02
1.139532e+01  1.386952e+02
1.139990e+01  1.376952e+02
1.140446e+01  1.366952e+02
1.140900e+01  1.356952e+02
1.141352e+01  1.346952e+02
1.141804e+01  1.336952e+02
1.142254e+01  1.326952e+02
1.142703e+01  1.316952e+02
1.143150e+01  1.306952e+02
1.143597e+01  1.296952e+02
1.144043e+01  1.286952e+02
1.144487e+01  1.276952e+02
1.144931e+01  1.266952e+02
1.145374e+01  1.256952e+02
1.145816e+01  1.246952e+02
1.146258e+01  1.236952e+02
1.146699e+01  1.226952e+02
1.147139e+01  1.216952e+02
1.147579e+01  1.206952e+02
1.148019e+01  1.196952e+02
1.148458e+01  1.186952e+02
1.148897e+01  1.176952e+02
1.149335e+01  1.166952e+02
1.149774e+01  1.156952e+02
1.150212e+01  1.146952e+02
1.150650e+01  1.136952e+02
1.151088e+01  1.126952e+02
1.151526e+01  1.116952e+02
1.151965e+01  1.106952e+02
1.152403e+01  1.096952e+02
1.152842e+01  1.086952e+02
1.153281e+01  1.076952e+02
1.153720e+01  1.066952e+02
1.154159e+01  1.056952e+02
1.154599e+01  1.046952e+02
1.155040e+01  1.036952e+02
1.155481e+01  1.026952e+02
1.155923e+01  1.016952e+02
1.156365e+01  1.006952e+02
1.156808e+01  9.969515e+01
1.157252e+01  9.869515e+01
1.157697e+01  9.769515e+01
1.158143e+01  9.669515e+01
1.158590e+01  9.569515e+01
1.159037e+01  9.469515e+01
1.159486e+01  9.369515e+01
1.159937e+01  9.269515e+01
1.160388e+01  9.169515e+01
1.160841e+01  9.069515e+01
1.161295e+01  8.969515e+01
1.161751e+01  8.869515e+01
1.162208e+01  8.769515e+01
1.162667e+01  8.669515e+01
1.163128e+01  8.569515e+01
1.163590e+01  8.469515e+01
1.164055e+01  8.369515e+01
1.164521e+01  8.269515e+01
1.164990e+01  8.169515e+01
1.165460e+01  8.069515e+01
1.165933e+01  7.969515e+01
1.166409e+01  7.869515e+01
1.166886e+01  7.769515e+01
1.167367e+01  7.669515e+01
1.167850e+01  7.569515e+01
1.168336e+01  7.469515e+01
1.168825e+01  7.369515e+01
1.169317e+01  7.269515e+01
1.169812e+01  7.169515e+01
1.170311e+01  7.069515e+01
1.170813e+01  6.969515e+01
1.171319e+01  6.869515e+01
1.171828e+01  6.769515e+01
1.172342e+01  6.669515e+01
1.172860e+01  6.569515e+01
1.173382e+01  6.469515e+01
1.173908e+01  6.369515e+01
1.174440e+01  6.269515e+01
1.174976e+01  6.169515e+01
1.175518e+01  6.069515e+01
1.176065e+01  5.969515e+01
1.176618e+01  5.869515e+01
1.177177e+01  5.769515e+01
1.177742e+01  5.669515e+01
1.178314e+01  5.569515e+01
1.178893e+01  5.469515e+01
1.179479e+01  5.369515e+01
1.180074e+01  5.269515e+01
1.180676e+01  5.169515e+01
1.181287e+01  5.069515e+01
1.181907e+01  4.969515e+01
1.182537e+01  4.869515e+01
1.183178e+01  4.769515e+01
1.183829e+01  4.669515e+01
1.184493e+01  4.569515e+01
1.185169e+01  4.469515e+01
1.185858e+01  4.369515e+01
1.186562e+01  4.269515e+01
1.187282e+01  4.169515e+01
1.188018e+01  4.069515e+01
1.188773e+01  3.969515e+01
1.189548e+01  3.869515e+01
1.190345e+01  3.769515e+01
1.191166e+01  3.669515e+01
1.192014e+01  3.569515e+01
1.192892e+01  3.469515e+01
1.193803e+01  3.369515e+01
1.194752e+01  3.269515e+01
1.195743e+01  3.169515e+01
1.196785e+01  3.069515e+01
1.197886e+01  2.969515e+01
1.199057e+01  2.869515e+01
1.200314e+01  2.769515e+01
1.201680e+01  2.669515e+01
1.203189e+01  2.569515e+01
1.204897e+01  2.469515e+01
1.206915e+01  2.369515e+01
1.209506e+01  2.269515e+01
1.214084e+01  2.169515e+01
1.294681e+01  7.580854e+01
1.292004e+01  7.480854e+01
1.289752e+01  7.380854e+01
1.287763e+01  7.280854e+01
1.285957e+01  7.180854e+01
1.284287e+01  7.080854e+01
1.282722e+01  6.980854e+01
1.281242e+01  6.880854e+01
1.279830e+01  6.780854e+01
1.278477e+01  6.680854e+01
1.277172e+01  6.580854e+01
1.275910e+01  6.480854e+01
1.274683e+01  6.380854e+01
1.273489e+01  6.280854e+01
1.272321e+01  6.180854e+01
1.271178e+01  6.080854e+01
1.270056e+01  5.980854e+01
1.268952e+01  5.880854e+01
1.267865e+01  5.780854e+01
1.266791e+01  5.680854e+01
1.265730e+01  5.580854e+01
1.264680e+01  5.480854e+01
1.263638e+01  5.380854e+01
1.262604e+01  5.280854e+01
1.261575e+01  5.180854e+01
1.260552e+01  5.080854e+01
1.259532e+01  4.980854e+01
1.258513e+01  4.880854e+01
1.257496e+01  4.780854e+01
1.256478e+01  4.680854e+01
1.255459e+01  4.580854e+01
1.254436e+01  4.480854e+01
1.253409e+01  4.380854e+01
1.252376e+01  4.280854e+01
1.251335e+01  4.180854e+01
1.250286e+01  4.080854e+01
1.249226e+01  3.980854e+01
1.248153e+01  3.880854e+01
1.247065e+01  3.780854e+01
1.245959e+01  3.680854e+01
1.244834e+01  3.580854e+01
1.243685e+01  3.480854e+01
1.242508e+01  3.380854e+01
1.241300e+01  3.280854e+01
1.240055e+01  3.180854e+01
1.238766e+01  3.080854e+01
1.237424e+01  2.980854e+01
1.236018e+01  2.880854e+01
1.234533e+01  2.780854e+01
1.232946e+01  2.680854e+01
1.231226e+01  2.580854e+01
1.229317e+01  2.480854e+01
1.227121e+01  2.380854e+01
1.224402e+01  2.280854e+01
1.220122e+01  2.180854e+01
1.316988e+01  7.580854e+01
1.319743e+01  7.480854e+01
1.322074e+01  7.380854e+01
1.324143e+01  7.280854e+01
1.326030e+01  7.180854e+01
1.327783e+01  7.080854e+01
1.329432e+01  6.980854e+01
1.330998e+01  6.880854e+01
1.332496e+01  6.780854e+01
1.333938e+01  6.680854e+01
1.335333e+01  6.580854e+01
1.336687e+01  6.480854e+01
1.338006e+01  6.380854e+01
1.339296e+01  6.280854e+01
1.340560e+01  6.180854e+01
1.341802e+01  6.080854e+01
1.343025e+01  5.980854e+01
1.344232e+01  5.880854e+01
1.345424e+01  5.780854e+01
1.346605e+01  5.680854e+01
1.347775e+01  5.580854e+01
1.348938e+01  5.480854e+01
1.350094e+01  5.380854e+01
1.351246e+01  5.280854e+01
1.352394e+01  5.180854e+01
1.353541e+01  5.080854e+01
1.354688e+01  4.980854e+01
1.355836e+01  4.880854e+01
1.356987e+01  4.780854e+01
1.358142e+01  4.680854e+01
1.359303e+01  4.580854e+01
1.360471e+01  4.480854e+01
1.361649e+01  4.380854e+01
1.362838e+01  4.280854e+01
1.364039e+01  4.180854e+01
1.365256e+01  4.080854e+01
1.366489e+01  3.980854e+01
1.367743e+01  3.880854e+01
1.369019e+01  3.780854e+01
1.370321e+01  3.680854e+01
1.371652e+01  3.580854e+01
1.373017e+01  3.480854e+01
1.374421e+01  3.380854e+01
1.375870e+01  3.280854e+01
1.377372e+01  3.180854e+01
1.378935e+01  3.080854e+01
1.380572e+01  2.980854e+01
1.382298e+01  2.880854e+01
1.384133e+01  2.780854e+01
1.386109e+01  2.680854e+01
1.388270e+01  2.580854e+01
1.390689e+01  2.480854e+01
1.393505e+01  2.380854e+01
1.397042e+01  2.280854e+01
1.402737e+01  2.180854e+01
1.500310e+01  5.995258e+01
1.494504e+01  5.895258e+01
1.490502e+01  5.795258e+01
1.487229e+01  5.695258e+01
1.484376e+01  5.595258e+01
1.481800e+01  5.495258e+01
1.479425e+01  5.395258e+01
1.477202e+01  5.295258e+01
1.475097e+01  5.195258e+01
1.473087e+01  5.095258e+01
1.471153e+01  4.995258e+01
1.469283e+01  4.895258e+01
1.467465e+01  4.795258e+01
1.465691e+01  4.695258e+01
1.463952e+01  4.595258e+01
1.462242e+01  4.495258e+01
1.460555e+01  4.395258e+01
1.458887e+01  4.295258e+01
1.457231e+01  4.195258e+01
1.455584e+01  4.095258e+01
1.453941e+01  3.995258e+01
1.452298e+01  3.895258e+01
1.450651e+01  3.795258e+01
1.448994e+01  3.695258e+01
1.447323e+01  3.595258e+01
1.445633e+01  3.495258e+01
1.443917e+01  3.395258e+01
1.442169e+01  3.295258e+01
1.440380e+01  3.195258e+01
1.438542e+01  3.095258e+01
1.436642e+01  2.995258e+01
1.434664e+01  2.895258e+01
1.432588e+01  2.795258e+01
1.430385e+01  2.695258e+01
1.428013e+01  2.595258e+01
1.425402e+01  2.495258e+01
1.422428e+01  2.395258e+01
1.418809e+01  2.295258e+01
1.413491e+01  2.195258e+01
1.516059e+01  5.995258e+01
1.522127e+01  5.895258e+01
1.526396e+01  5.795258e+01
1.529944e+01  5.695258e+01
1.533080e+01  5.595258e+01
1.535945e+01  5.495258e+01
1.538618e+01  5.395258e+01
1.541148e+01  5.295258e+01
1.543568e+01  5.195258e+01
1.545903e+01  5.095258e+01
1.548172e+01  4.995258e+01
1.550387e+01  4.895258e+01
1.552563e+01  4.795258e+01
1.554707e+01  4.695258e+01
1.556829e+01  4.595258e+01
1.558936e+01  4.495258e+01
1.561036e+01  4.395258e+01
1.563134e+01  4.295258e+01
1.565238e+01  4.195258e+01
1.567352e+01  4.095258e+01
1.569484e+01  3.995258e+01
1.571640e+01  3.895258e+01
1.573828e+01  3.795258e+01
1.576054e+01  3.695258e+01
1.578327e+01  3.595258e+01
1.580656e+01  3.495258e+01
1.583054e+01  3.395258e+01
1.585532e+01  3.295258e+01
1.588106e+01  3.195258e+01
1.590797e+01  3.095258e+01
1.593630e+01  2.995258e+01
1.596636e+01  2.895258e+01
1.599861e+01  2.795258e+01
1.603368e+01  2.695258e+01
1.607254e+01  2.595258e+01
1.611677e+01  2.495258e+01
1.616929e+01  2.395258e+01
1.623688e+01  2.295258e+01
1.634583e+01  2.195258e+01
1.083094e+01  1.976952e+02
1.081175e+01  1.966952e+02
1.079558e+01  1.956952e+02
1.078133e+01  1.946952e+02
1.076841e+01  1.936952e+02
1.075649e+01  1.926952e+02
1.074537e+01  1.916952e+02
1.073489e+01  1.906952e+02
1.072493e+01  1.896952e+02
1.071544e+01  1.886952e+02
1.070633e+01  1.876952e+02
1.069756e+01  1.866952e+02
1.068909e+01  1.856952e+02
1.068088e+01  1.846952e+02
1.067292e+01  1.836952e+02
1.066516e+01  1.826952e+02
1.065761e+01  1.816952e+02
1.065023e+01  1.806952e+02
1.064302e+01  1.796952e+02
1.063595e+01  1.786952e+02
1.062902e+01  1.776952e+02
1.062223e+01  1.766952e+02
1.061555e+01  1.756952e+02
1.060898e+01  1.746952e+02
1.060251e+01  1.736952e+02
1.059614e+01  1.726952e+02
1.058986e+01  1.716952e+02
1.058367e+01  1.706952e+02
1.057756e+01  1.696952e+02
1.057152e+01  1.686952e+02
1.056555e+01  1.676952e+02
1.055965e+01  1.666952e+02
1.055382e+01  1.656952e+02
1.054804e+01  1.646952e+02
1.054232e+01  1.636952e+02
1.053666e+01  1.626952e+02
1.053104e+01  1.616952e+02
1.052548e+01  1.606952e+02
1.051996e+01  1.596952e+02
1.051448e+01  1.586952e+02
1.050905e+01  1.576952e+02
1.050366e+01  1.566952e+02
1.049830e+01  1.556952e+02
1.049298e+01  1.546952e+02
1.048769e+01  1.536952e+02
1.048244e+01  1.526952e+02
1.047722e+01  1.516952e+02
1.047202e+01  1.506952e+02
1.046686e+01  1.496952e+02
1.046172e+01  1.486952e+02
1.045660e+01  1.476952e+02
1.045152e+01  1.466952e+02
1.044645e+01  1.456952e+02
1.044140e+01  1.446952e+02
1.043638e+01  1.436952e+02
1.043137e+01  1.426952e+02
1.042639e+01  1.416952e+02
1.042142e+01  1.406952e+02
1.041647e+01  1.396952e+02
1.041153e+01  1.386952e+02
1.040661e+01  1.376952e+02
1.040170e+01  1.366952e+02
1.039680e+01  1.356952e+02
1.039192e+01  1.346952e+02
1.038704e+01  1.336952e+02
1.038218e+01  1.326952e+02
1.037733e+01  1.316952e+02
1.037248e+01  1.306952e+02
1.036765e+01  1.296952e+02
1.036282e+01  1.286952e+02
1.035800e+01  1.276952e+02
1.035318e+01  1.266952e+02
1.034837e+01  1.256952e+02
1.034357e+01  1.246952e+02
1.033876e+01  1.236952e+02
1.033397e+01  1.226952e+02
1.032917e+01  1.216952e+02
1.032438e+01  1.206952e+02
1.031958e+01  1.196952e+02
1.031479e+01  1.186952e+02
1.031000e+01  1.176952e+02
1.030521e+01  1.166952e+02
1.030041e+01  1.156952e+02
1.029562e+01  1.146952e+02
1.029082e+01  1.136952e+02
1.028602e+01  1.126952e+02
1.028122e+01  1.116952e+02
1.027641e+01  1.106952e+02
1.027159e+01  1.096952e+02
1.026677e+01  1.086952e+02
1.026195e+01  1.076952e+02
1.025712e+01  1.066952e+02
1.025228e+01  1.056952e+02
1.024743e+01  1.046952e+02
1.024258e+01  1.036952e+02
1.023771e+01  1.026952e+02
1.023284e+01  1.016952e+02
1.022796e+01  1.006952e+02
1.022306e+01  9.969515e+01
1.021816e+01  9.869515e+01
1.021324e+01  9.769515e+01
1.020831e+01  9.669515e+01
1.020336e+01  9.569515e+01
1.019840e+01  9.469515e+01
1.019343e+01  9.369515e+01
1.018844e+01  9.269515e+01
1.018344e+01  9.169515e+01
1.017842e+01  9.069515e+01
1.017338e+01  8.969515e+01
1.016832e+01  8.869515e+01
1.016325e+01  8.769515e+01
1.015815e+01  8.669515e+01
1.015304e+01  8.569515e+01
1.014790e+01  8.469515e+01
1.014275e+01  8.369515e+01
1.013757e+01  8.269515e+01
1.013237e+01  8.169515e+01
1.012714e+01  8.069515e+01
1.012190e+01  7.969515e+01
1.011662e+01  7.869515e+01
1.011132e+01  7.769515e+01
1.010600e+01  7.669515e+01
1.010065e+01  7.569515e+01
1.009527e+01  7.469515e+01
1.008986e+01  7.369515e+01
1.008442e+01  7.269515e+01
1.007896e+01  7.169515e+01
1.007346e+01  7.069515e+01
1.006794e+01  6.969515e+01
1.006239e+01  6.869515e+01
1.005680e+01  6.769515e+01
1.005118e+01  6.669515e+01
1.004554e+01  6.569515e+01
1.003986e+01  6.469515e+01
1.003415e+01  6.369515e+01
1.002841e+01  6.269515e+01
1.002264e+01  6.169515e+01
1.001684e+01  6.069515e+01
1.001102e+01  5.969515e+01
1.000517e+01  5.869515e+01
9.999303e+00  5.769515e+01
9.993414e+00  5.669515e+01
9.987510e+00  5.569515e+01
9.981596e+00  5.469515e+01
9.975678e+00  5.369515e+01
9.969765e+00  5.269515e+01
9.963867e+00  5.169515e+01
9.957996e+00  5.069515e+01
9.952168e+00  4.969515e+01
9.946403e+00  4.869515e+01
9.940727e+00  4.769515e+01
9.935172e+00  4.669515e+01
9.929778e+00  4.569515e+01
9.924600e+00  4.469515e+01
9.919706e+00  4.369515e+01
9.915190e+00  4.269515e+01
9.911173e+00  4.169515e+01
9.907825e+00  4.069515e+01
9.905378e+00  3.969515e+01
9.904161e+00  3.869515e+01
9.904657e+00  3.769515e+01
9.907590e+00  3.669515e+01
9.914094e+00  3.569515e+01
9.926031e+00  3.469515e+01
9.946642e+00  3.369515e+01
9.981970e+00  3.269515e+01
1.004403e+01  3.169515e+01
1.015589e+01  3.069515e+01
1.033860e+01  2.969515e+01
1.054423e+01  2.869515e+01
1.071118e+01  2.769515e+01
1.084016e+01  2.669515e+01
1.094553e+01  2.569515e+01
1.103769e+01  2.469515e+01
1.112434e+01  2.369515e+01
1.121428e+01  2.269515e+01
1.133946e+01  2.169515e+01
1.099258e+01  1.976952e+02
1.101154e+01  1.966952e+02
1.102747e+01  1.956952e+02
1.104149e+01  1.946952e+02
1.105417e+01  1.936952e+02
1.106584e+01  1.926952e+02
1.107672e+01  1.916952e+02
1.108697e+01  1.906952e+02
1.109667e+01  1.896952e+02
1.110593e+01  1.886952e+02
1.111479e+01  1.876952e+02
1.112331e+01  1.866952e+02
1.113153e+01  1.856952e+02
1.113948e+01  1.846952e+02
1.114720e+01  1.836952e+02
1.115469e+01  1.826952e+02
1.116199e+01  1.816952e+02
1.116911e+01  1.806952e+02
1.117607e+01  1.796952e+02
1.118287e+01  1.786952e+02
1.118954e+01  1.776952e+02
1.119607e+01  1.766952e+02
1.120249e+01  1.756952e+02
1.120879e+01  1.746952e+02
1.121498e+01  1.736952e+02
1.122108e+01  1.726952e+02
1.122709e+01  1.716952e+02
1.123301e+01  1.706952e+02
1.123884e+01  1.696952e+02
1.124460e+01  1.686952e+02
1.125029e+01  1.676952e+02
1.125591e+01  1.666952e+02
1.126146e+01  1.656952e+02
1.126695e+01  1.646952e+02
1.127238e+01  1.636952e+02
1.127776e+01  1.626952e+02
1.128308e+01  1.616952e+02
1.128836e+01  1.606952e+02
1.129358e+01  1.596952e+02
1.129876e+01  1.586952e+02
1.130390e+01  1.576952e+02
1.130899e+01  1.566952e+02
1.131404e+01  1.556952e+02
1.131906e+01  1.546952e+02
1.132404e+01  1.536952e+02
1.132898e+01  1.526952e+02
1.133390e+01  1.516952e+02
1.133878e+01  1.506952e+02
1.134363e+01  1.496952e+02
1.134845e+01  1.486952e+02
1.135324e+01  1.476952e+02
1.135801e+01  1.466952e+02
1.136275e+01  1.456952e+02
1.136747e+01  1.446952e+02
1.137217e+01  1.436952e+02
1.137684e+01  1.426952e+02
1.138149e+01  1.416952e+02
1.138612e+01  1.406952e+02
1.139074e+01  1.396952e+02
1.139533e+01  1.386952e+02
1.139991e+01  1.376952e+02
1.140448e+01  1.366952e+02
1.140902e+01  1.356952e+02
1.141356e+01  1.346952e+02
1.141807e+01  1.336952e+02
1.142258e+01  1.326952e+02
1.142707e+01  1.316952e+02
1.143155e+01  1.306952e+02
1.143603e+01  1.296952e+02
1.144049e+01  1.286952e+02
1.144494e+01  1.276952e+02
1.144938e+01  1.266952e+02
1.145381e+01  1.256952e+02
1.145824e+01  1.246952e+02
1.146266e+01  1.236952e+02
1.146707e+01  1.226952e+02
1.147148e+01  1.216952e+02
1.147588e+01  1.206952e+02
1.148028e+01  1.196952e+02
1.148468e+01  1.186952e+02
1.148907e+01  1.176952e+02
1.149346e+01  1.166952e+02
1.149784e+01  1.156952e+02
1.150223e+01  1.146952e+02
1.150661e+01  1.136952e+02
1.151100e+01  1.126952e+02
1.151538e+01  1.116952e+02
1.151977e+01  1.106952e+02
1.152416e+01  1.096952e+02
1.152854e+01  1.086952e+02
1.153294e+01  1.076952e+02
1.153733e+01  1.066952e+02
1.154173e+01  1.056952e+02
1.154613e+01  1.046952e+02
1.155054e+01  1.036952e+02
1.155495e+01  1.026952e+02
1.155937e+01  1.016952e+02
1.156380e+01  1.006952e+02
1.156823e+01  9.969515e+01
1.157268e+01  9.869515e+01
1.157713e+01  9.769515e+01
1.158159e+01  9.669515e+01
1.158606e+01  9.569515e+01
1.159054e+01  9.469515e+01
1.159503e+01  9.369515e+01
1.159953e+01  9.269515e+01
1.160405e+01  9.169515e+01
1.160858e+01  9.069515e+01
1.161312e+01  8.969515e+01
1.161768e+01  8.869515e+01
1.162226e+01  8.769515e+01
1.162685e+01  8.669515e+01
1.163146e+01  8.569515e+01
1.163608e+01  8.469515e+01
1.164073e+01  8.369515e+01
1.164539e+01  8.269515e+01
1.165008e+01  8.169515e+01
1.165479e+01  8.069515e+01
1.165952e+01  7.969515e+01
1.166428e+01  7.869515e+01
1.166906e+01  7.769515e+01
1.167386e+01  7.669515e+01
1.167870e+01  7.569515e+01
1.168356e+01  7.469515e+01
1.168845e+01  7.369515e+01
1.169337e+01  7.269515e+01
1.169832e+01  7.169515e+01
1.170331e+01  7.069515e+01
1.170833e+01  6.969515e+01
1.171339e+01  6.869515e+01
1.171849e+01  6.769515e+01
1.172363e+01  6.669515e+01
1.172881e+01  6.569515e+01
1.173403e+01  6.469515e+01
1.173930e+01  6.369515e+01
1.174461e+01  6.269515e+01
1.174998e+01  6.169515e+01
1.175540e+01  6.069515e+01
1.176087e+01  5.969515e+01
1.176640e+01  5.869515e+01
1.177199e+01  5.769515e+01
1.177764e+01  5.669515e+01
1.178336e+01  5.569515e+01
1.178916e+01  5.469515e+01
1.179502e+01  5.369515e+01
1.180096e+01  5.269515e+01
1.180699e+01  5.169515e+01
1.181310e+01  5.069515e+01
1.181930e+01  4.969515e+01
1.182560e+01  4.869515e+01
1.183201e+01  4.769515e+01
1.183853e+01  4.669515e+01
1.184516e+01  4.569515e+01
1.185192e+01  4.469515e+01
1.185882e+01  4.369515e+01
1.186586e+01  4.269515e+01
1.187305e+01  4.169515e+01
1.188042e+01  4.069515e+01
1.188797e+01  3.969515e+01
1.189572e+01  3.869515e+01
1.190370e+01  3.769515e+01
1.191191e+01  3.669515e+01
1.192039e+01  3.569515e+01
1.192916e+01  3.469515e+01
1.193827e+01  3.369515e+01
1.194776e+01  3.269515e+01
1.195768e+01  3.169515e+01
1.196810e+01  3.069515e+01
1.197911e+01  2.969515e+01
1.199082e+01  2.869515e+01
1.200339e+01  2.769515e+01
1.201705e+01  2.669515e+01
1.203214e+01  2.569515e+01
1.204923e+01  2.469515e+01
1.206941e+01  2.369515e+01
1.209533e+01  2.269515e+01
1.214110e+01  2.169515e+01
1.294738e+01  7.580854e+01
1.292053e+01  7.480854e+01
1.289797e+01  7.380854e+01
1.287806e+01  7.280854e+01
1.285998e+01  7.180854e+01
1.284326e+01  7.080854e+01
1.282760e+01  6.980854e+01
1.281278e+01  6.880854e+01
1.279866e+01  6.780854e+01
1.278512e+01  6.680854e+01
1.277207e+01  6.580854e+01
1.275944e+01  6.480854e+01
1.274717e+01  6.380854e+01
1.273522e+01  6.280854e+01
1.272354e+01  6.180854e+01
1.271210e+01  6.080854e+01
1.270088e+01  5.980854e+01
1.268984e+01  5.880854e+01
1.267896e+01  5.780854e+01
1.266822e+01  5.680854e+01
1.265761e+01  5.580854e+01
1.264710e+01  5.480854e+01
1.263668e+01  5.380854e+01
1.262634e+01  5.280854e+01
1.261605e+01  5.180854e+01
1.260582e+01  5.080854e+01
1.259561e+01  4.980854e+01
1.258543e+01  4.880854e+01
1.257526e+01  4.780854e+01
1.256508e+01  4.680854e+01
1.255488e+01  4.580854e+01
1.254465e+01  4.480854e+01
1.253438e+01  4.380854e+01
1.252405e+01  4.280854e+01
1.251364e+01  4.180854e+01
1.250315e+01  4.080854e+01
1.249254e+01  3.980854e+01
1.248181e+01  3.880854e+01
1.247093e+01  3.780854e+01
1.245987e+01  3.680854e+01
1.244862e+01  3.580854e+01
1.243713e+01  3.480854e+01
1.242536e+01  3.380854e+01
1.241328e+01  3.280854e+01
1.240083e+01  3.180854e+01
1.238794e+01  3.080854e+01
1.237452e+01  2.980854e+01
1.236046e+01  2.880854e+01
1.234561e+01  2.780854e+01
1.232974e+01  2.680854e+01
1.231253e+01  2.580854e+01
1.229345e+01  2.480854e+01
1.227148e+01  2.380854e+01
1.224429e+01  2.280854e+01
1.220149e+01  2.180854e+01
1.316970e+01  7.580854e+01
1.319732e+01  7.480854e+01
1.322067e+01  7.380854e+01
1.324139e+01  7.280854e+01
1.326028e+01  7.180854e+01
1.327783e+01  7.080854e+01
1.329433e+01  6.980854e+01
1.331000e+01  6.880854e+01
1.332499e+01  6.780854e+01
1.333942e+01  6.680854e+01
1.335337e+01  6.580854e+01
1.336691e+01  6.480854e+01
1.338011e+01  6.380854e+01
1.339302e+01  6.280854e+01
1.340566e+01  6.180854e+01
1.341809e+01  6.080854e+01
1.343032e+01  5.980854e+01
1.344239e+01  5.880854e+01
1.345431e+01  5.780854e+01
1.346612e+01  5.680854e+01
1.347783e+01  5.580854e+01
1.348946e+01  5.480854e+01
1.350102e+01  5.380854e+01
1.351254e+01  5.280854e+01
1.352403e+01  5.180854e+01
1.353550e+01  5.080854e+01
1.354697e+01  4.980854e+01
1.355845e+01  4.880854e+01
1.356996e+01  4.780854e+01
1.358151e+01  4.680854e+01
1.359312e+01  4.580854e+01
1.360481e+01  4.480854e+01
1.361659e+01  4.380854e+01
1.362848e+01  4.280854e+01
1.364049e+01  4.180854e+01
1.365266e+01  4.080854e+01
1.366500e+01  3.980854e+01
1.367753e+01  3.880854e+01
1.369029e+01  3.780854e+01
1.370331e+01  3.680854e+01
1.371663e+01  3.580854e+01
1.373028e+01  3.480854e+01
1.374432e+01  3.380854e+01
1.375881e+01  3.280854e+01
1.377383e+01  3.180854e+01
1.378946e+01  3.080854e+01
1.380583e+01  2.980854e+01
1.382309e+01  2.880854e+01
1.384144e+01  2.780854e+01
1.386120e+01  2.680854e+01
1.388281e+01  2.580854e+01
1.390700e+01  2.480854e+01
1.393516e+01  2.380854e+01
1.397054e+01  2.280854e+01
1.402748e+01  2.180854e+01
1.500313e+01  5.995258e+01
1.494511e+01  5.895258e+01
1.490511e+01  5.795258e+01
1.487239e+01  5.695258e+01
1.484385e+01  5.595258e+01
1.481810e+01  5.495258e+01
1.479436e+01  5.395258e+01
1.477212e+01  5.295258e+01
1.475107e+01  5.195258e+01
1.473097e+01  5.095258e+01
1.471164e+01  4.995258e+01
1.469294e+01  4.895258e+01
1.467476e+01  4.795258e+01
1.465702e+01  4.695258e+01
1.463963e+01  4.595258e+01
1.462253e+01  4.495258e+01
1.460566e+01  4.395258e+01
1.458898e+01  4.295258e+01
1.457242e+01  4.195258e+01
1.455595e+01  4.095258e+01
1.453952e+01  3.995258e+01
1.452310e+01  3.895258e+01
1.450662e+01  3.795258e+01
1.449005e+01  3.695258e+01
1.447334e+01  3.595258e+01
1.445644e+01  3.495258e+01
1.443928e+01  3.395258e+01
1.442180e+01  3.295258e+01
1.440392e+01  3.195258e+01
1.438554e+01  3.095258e+01
1.436653e+01  2.995258e+01
1.434676e+01  2.895258e+01
1.432600e+01  2.795258e+01
1.430397e+01  2.695258e+01
1.428024e+01  2.595258e+01
1.425414e+01  2.495258e+01
1.422439e+01  2.395258e+01
1.418820e+01  2.295258e+01
1.413502e+01  2.195258e+01
1.516081e+01  5.995258e+01
1.522145e+01  5.895258e+01
1.526413e+01  5.795258e+01
1.529961e+01  5.695258e+01
1.533096e+01  5.595258e+01
1.535961e+01  5.495258e+01
1.538634e+01  5.395258e+01
1.541163e+01  5.295258e+01
1.543584e+01  5.195258e+01
1.545919e+01  5.095258e+01
1.548187e+01  4.995258e+01
1.550403e+01  4.895258e+01
1.552578e+01  4.795258e+01
1.554723e+01  4.695258e+01
1.556845e+01  4.595258e+01
1.558952e+01  4.495258e+01
1.561052e+01  4.395258e+01
1.563150e+01  4.295258e+01
1.565253e+01  4.195258e+01
1.567368e+01  4.095258e+01
1.569500e+01  3.995258e+01
1.571656e+01  3.895258e+01
1.573844e+01  3.795258e+01
1.576070e+01  3.695258e+01
1.578343e+01  3.595258e+01
1.580673e+01  3.495258e+01
1.583070e+01  3.395258e+01
1.585548e+01  3.295258e+01
1.588123e+01  3.195258e+01
1.590814e+01  3.095258e+01
1.593647e+01  2.995258e+01
1.596653e+01  2.895258e+01
1.599879e+01  2.795258e+01
1.603386e+01  2.695258e+01
1.607273e+01  2.595258e+01
1.611696e+01  2.495258e+01
1.616949e+01  2.395258e+01
1.623709e+01  2.295258e+01
1.634606e+01  2.195258e+01
