1.089710e+01  1.856952e+02
1.085400e+01  1.846952e+02
1.083012e+01  1.836952e+02
1.081143e+01  1.826952e+02
1.079551e+01  1.816952e+02
1.078137e+01  1.806952e+02
1.076850e+01  1.796952e+02
1.075660e+01  1.786952e+02
1.074547e+01  1.776952e+02
1.073496e+01  1.766952e+02
1.072496e+01  1.756952e+02
1.071542e+01  1.746952e+02
1.070625e+01  1.736952e+02
1.069742e+01  1.726952e+02
1.068888e+01  1.716952e+02
1.068060e+01  1.706952e+02
1.067256e+01  1.696952e+02
1.066473e+01  1.686952e+02
1.065710e+01  1.676952e+02
1.064964e+01  1.666952e+02
1.064234e+01  1.656952e+02
1.063519e+01  1.646952e+02
1.062818e+01  1.636952e+02
1.062129e+01  1.626952e+02
1.061452e+01  1.616952e+02
1.060786e+01  1.606952e+02
1.060130e+01  1.596952e+02
1.059484e+01  1.586952e+02
1.058847e+01  1.576952e+02
1.058218e+01  1.566952e+02
1.057597e+01  1.556952e+02
1.056983e+01  1.546952e+02
1.056377e+01  1.536952e+02
1.055777e+01  1.526952e+02
1.055183e+01  1.516952e+02
1.054595e+01  1.506952e+02
1.054013e+01  1.496952e+02
1.053436e+01  1.486952e+02
1.052863e+01  1.476952e+02
1.052296e+01  1.466952e+02
1.051733e+01  1.456952e+02
1.051174e+01  1.446952e+02
1.050620e+01  1.436952e+02
1.050069e+01  1.426952e+02
1.049521e+01  1.416952e+02
1.048977e+01  1.406952e+02
1.048437e+01  1.396952e+02
1.047899e+01  1.386952e+02
1.047365e+01  1.376952e+02
1.046833e+01  1.366952e+02
1.046303e+01  1.356952e+02
1.045776e+01  1.346952e+02
1.045252e+01  1.336952e+02
1.044730e+01  1.326952e+02
1.044209e+01  1.316952e+02
1.043691e+01  1.306952e+02
1.043174e+01  1.296952e+02
1.042660e+01  1.286952e+02
1.042147e+01  1.276952e+02
1.041635e+01  1.266952e+02
1.041125e+01  1.256952e+02
1.040616e+01  1.246952e+02
1.040108e+01  1.236952e+02
1.039601e+01  1.226952e+02
1.039095e+01  1.216952e+02
1.038590e+01  1.206952e+02
1.038086e+01  1.196952e+02
1.037583e+01  1.186952e+02
1.037080e+01  1.176952e+02
1.036578e+01  1.166952e+02
1.036077e+01  1.156952e+02
1.035575e+01  1.146952e+02
1.035074e+01  1.136952e+02
1.034574e+01  1.126952e+02
1.034073e+01  1.116952e+02
1.033572e+01  1.106952e+02
1.033072e+01  1.096952e+02
1.032571e+01  1.086952e+02
1.032070e+01  1.076952e+02
1.031569e+01  1.066952e+02
1.031067e+01  1.056952e+02
1.030565e+01  1.046952e+02
1.030063e+01  1.036952e+02
1.029560e+01  1.026952e+02
1.029056e+01  1.016952e+02
1.028551e+01  1.006952e+02
1.028046e+01  9.969515e+01
1.027540e+01  9.869515e+01
1.027032e+01  9.769515e+01
1.026524e+01  9.669515e+01
1.026014e+01  9.569515e+01
1.025503e+01  9.469515e+01
1.024991e+01  9.369515e+01
1.024477e+01  9.269515e+01
1.023962e+01  9.169515e+01
1.023445e+01  9.069515e+01
1.022926e+01  8.969515e+01
1.022406e+01  8.869515e+01
1.021883e+01  8.769515e+01
1.021359e+01  8.669515e+01
1.020832e+01  8.569515e+01
1.020304e+01  8.469515e+01
1.019772e+01  8.369515e+01
1.019239e+01  8.269515e+01
1.018702e+01  8.169515e+01
1.018163e+01  8.069515e+01
1.017622e+01  7.969515e+01
1.017077e+01  7.869515e+01
1.016529e+01  7.769515e+01
1.015978e+01  7.669515e+01
1.015423e+01  7.569515e+01
1.014865e+01  7.469515e+01
1.014303e+01  7.369515e+01
1.013737e+01  7.269515e+01
1.013167e+01  7.169515e+01
1.012593e+01  7.069515e+01
1.012015e+01  6.969515e+01
1.011432e+01  6.869515e+01
1.010844e+01  6.769515e+01
1.010251e+01  6.669515e+01
1.009652e+01  6.569515e+01
1.009049e+01  6.469515e+01
1.008439e+01  6.369515e+01
1.007823e+01  6.269515e+01
1.007202e+01  6.169515e+01
1.006573e+01  6.069515e+01
1.005937e+01  5.969515e+01
1.005295e+01  5.869515e+01
1.004644e+01  5.769515e+01
1.003985e+01  5.669515e+01
1.003318e+01  5.569515e+01
1.002642e+01  5.469515e+01
1.001957e+01  5.369515e+01
1.001262e+01  5.269515e+01
1.000556e+01  5.169515e+01
9.998387e+00  5.069515e+01
9.991099e+00  4.969515e+01
9.983685e+00  4.869515e+01
9.976139e+00  4.769515e+01
9.968450e+00  4.669515e+01
9.960610e+00  4.569515e+01
9.952608e+00  4.469515e+01
9.944432e+00  4.369515e+01
9.936068e+00  4.269515e+01
9.927503e+00  4.169515e+01
9.918719e+00  4.069515e+01
9.909697e+00  3.969515e+01
9.900416e+00  3.869515e+01
9.890852e+00  3.769515e+01
9.880974e+00  3.669515e+01
9.870749e+00  3.569515e+01
9.860138e+00  3.469515e+01
9.849093e+00  3.369515e+01
9.837556e+00  3.269515e+01
9.825454e+00  3.169515e+01
9.812699e+00  3.069515e+01
9.799175e+00  2.969515e+01
9.784728e+00  2.869515e+01
9.769150e+00  2.769515e+01
9.752141e+00  2.669515e+01
9.733243e+00  2.569515e+01
9.711698e+00  2.469515e+01
9.686059e+00  2.369515e+01
9.652782e+00  2.269515e+01
9.592981e+00  2.169515e+01
1.093581e+01  1.856952e+02
1.097870e+01  1.846952e+02
1.100237e+01  1.836952e+02
1.102085e+01  1.826952e+02
1.103656e+01  1.816952e+02
1.105048e+01  1.806952e+02
1.106313e+01  1.796952e+02
1.107482e+01  1.786952e+02
1.108574e+01  1.776952e+02
1.109603e+01  1.766952e+02
1.110580e+01  1.756952e+02
1.111513e+01  1.746952e+02
1.112407e+01  1.736952e+02
1.113268e+01  1.726952e+02
1.114099e+01  1.716952e+02
1.114904e+01  1.706952e+02
1.115685e+01  1.696952e+02
1.116445e+01  1.686952e+02
1.117185e+01  1.676952e+02
1.117908e+01  1.666952e+02
1.118614e+01  1.656952e+02
1.119306e+01  1.646952e+02
1.119983e+01  1.636952e+02
1.120648e+01  1.626952e+02
1.121300e+01  1.616952e+02
1.121942e+01  1.606952e+02
1.122573e+01  1.596952e+02
1.123195e+01  1.586952e+02
1.123807e+01  1.576952e+02
1.124411e+01  1.566952e+02
1.125007e+01  1.556952e+02
1.125595e+01  1.546952e+02
1.126176e+01  1.536952e+02
1.126750e+01  1.526952e+02
1.127318e+01  1.516952e+02
1.127880e+01  1.506952e+02
1.128436e+01  1.496952e+02
1.128987e+01  1.486952e+02
1.129532e+01  1.476952e+02
1.130073e+01  1.466952e+02
1.130609e+01  1.456952e+02
1.131140e+01  1.446952e+02
1.131667e+01  1.436952e+02
1.132190e+01  1.426952e+02
1.132710e+01  1.416952e+02
1.133225e+01  1.406952e+02
1.133738e+01  1.396952e+02
1.134246e+01  1.386952e+02
1.134752e+01  1.376952e+02
1.135255e+01  1.366952e+02
1.135755e+01  1.356952e+02
1.136252e+01  1.346952e+02
1.136747e+01  1.336952e+02
1.137239e+01  1.326952e+02
1.137729e+01  1.316952e+02
1.138217e+01  1.306952e+02
1.138702e+01  1.296952e+02
1.139186e+01  1.286952e+02
1.139667e+01  1.276952e+02
1.140147e+01  1.266952e+02
1.140626e+01  1.256952e+02
1.141102e+01  1.246952e+02
1.141578e+01  1.236952e+02
1.142051e+01  1.226952e+02
1.142524e+01  1.216952e+02
1.142995e+01  1.206952e+02
1.143465e+01  1.196952e+02
1.143935e+01  1.186952e+02
1.144403e+01  1.176952e+02
1.144870e+01  1.166952e+02
1.145337e+01  1.156952e+02
1.145802e+01  1.146952e+02
1.146267e+01  1.136952e+02
1.146732e+01  1.126952e+02
1.147196e+01  1.116952e+02
1.147660e+01  1.106952e+02
1.148123e+01  1.096952e+02
1.148586e+01  1.086952e+02
1.149049e+01  1.076952e+02
1.149511e+01  1.066952e+02
1.149974e+01  1.056952e+02
1.150437e+01  1.046952e+02
1.150899e+01  1.036952e+02
1.151362e+01  1.026952e+02
1.151825e+01  1.016952e+02
1.152289e+01  1.006952e+02
1.152752e+01  9.969515e+01
1.153216e+01  9.869515e+01
1.153681e+01  9.769515e+01
1.154146e+01  9.669515e+01
1.154612e+01  9.569515e+01
1.155079e+01  9.469515e+01
1.155546e+01  9.369515e+01
1.156015e+01  9.269515e+01
1.156484e+01  9.169515e+01
1.156955e+01  9.069515e+01
1.157426e+01  8.969515e+01
1.157899e+01  8.869515e+01
1.158373e+01  8.769515e+01
1.158848e+01  8.669515e+01
1.159325e+01  8.569515e+01
1.159804e+01  8.469515e+01
1.160284e+01  8.369515e+01
1.160765e+01  8.269515e+01
1.161249e+01  8.169515e+01
1.161735e+01  8.069515e+01
1.162222e+01  7.969515e+01
1.162712e+01  7.869515e+01
1.163204e+01  7.769515e+01
1.163699e+01  7.669515e+01
1.164196e+01  7.569515e+01
1.164695e+01  7.469515e+01
1.165198e+01  7.369515e+01
1.165703e+01  7.269515e+01
1.166211e+01  7.169515e+01
1.166722e+01  7.069515e+01
1.167237e+01  6.969515e+01
1.167755e+01  6.869515e+01
1.168277e+01  6.769515e+01
1.168803e+01  6.669515e+01
1.169332e+01  6.569515e+01
1.169866e+01  6.469515e+01
1.170404e+01  6.369515e+01
1.170947e+01  6.269515e+01
1.171495e+01  6.169515e+01
1.172047e+01  6.069515e+01
1.172605e+01  5.969515e+01
1.173169e+01  5.869515e+01
1.173738e+01  5.769515e+01
1.174314e+01  5.669515e+01
1.174896e+01  5.569515e+01
1.175485e+01  5.469515e+01
1.176081e+01  5.369515e+01
1.176685e+01  5.269515e+01
1.177296e+01  5.169515e+01
1.177917e+01  5.069515e+01
1.178546e+01  4.969515e+01
1.179185e+01  4.869515e+01
1.179835e+01  4.769515e+01
1.180495e+01  4.669515e+01
1.181167e+01  4.569515e+01
1.181851e+01  4.469515e+01
1.182549e+01  4.369515e+01
1.183261e+01  4.269515e+01
1.183988e+01  4.169515e+01
1.184733e+01  4.069515e+01
1.185495e+01  3.969515e+01
1.186278e+01  3.869515e+01
1.187082e+01  3.769515e+01
1.187910e+01  3.669515e+01
1.188765e+01  3.569515e+01
1.189649e+01  3.469515e+01
1.190566e+01  3.369515e+01
1.191521e+01  3.269515e+01
1.192519e+01  3.169515e+01
1.193566e+01  3.069515e+01
1.194672e+01  2.969515e+01
1.195848e+01  2.869515e+01
1.197109e+01  2.769515e+01
1.198479e+01  2.669515e+01
1.199990e+01  2.569515e+01
1.201701e+01  2.469515e+01
1.203719e+01  2.369515e+01
1.206307e+01  2.269515e+01
1.210871e+01  2.169515e+01
1.283778e+01  7.580854e+01
1.282272e+01  7.480854e+01
1.280845e+01  7.380854e+01
1.279484e+01  7.280854e+01
1.278178e+01  7.180854e+01
1.276919e+01  7.080854e+01
1.275701e+01  6.980854e+01
1.274519e+01  6.880854e+01
1.273367e+01  6.780854e+01
1.272242e+01  6.680854e+01
1.271141e+01  6.580854e+01
1.270061e+01  6.480854e+01
1.269001e+01  6.380854e+01
1.267956e+01  6.280854e+01
1.266927e+01  6.180854e+01
1.265910e+01  6.080854e+01
1.264905e+01  5.980854e+01
1.263910e+01  5.880854e+01
1.262923e+01  5.780854e+01
1.261944e+01  5.680854e+01
1.260971e+01  5.580854e+01
1.260004e+01  5.480854e+01
1.259040e+01  5.380854e+01
1.258079e+01  5.280854e+01
1.257121e+01  5.180854e+01
1.256163e+01  5.080854e+01
1.255206e+01  4.980854e+01
1.254247e+01  4.880854e+01
1.253287e+01  4.780854e+01
1.252323e+01  4.680854e+01
1.251355e+01  4.580854e+01
1.250382e+01  4.480854e+01
1.249402e+01  4.380854e+01
1.248415e+01  4.280854e+01
1.247418e+01  4.180854e+01
1.246411e+01  4.080854e+01
1.245391e+01  3.980854e+01
1.244357e+01  3.880854e+01
1.243307e+01  3.780854e+01
1.242238e+01  3.680854e+01
1.241148e+01  3.580854e+01
1.240033e+01  3.480854e+01
1.238890e+01  3.380854e+01
1.237714e+01  3.280854e+01
1.236501e+01  3.180854e+01
1.235242e+01  3.080854e+01
1.233930e+01  2.980854e+01
1.232554e+01  2.880854e+01
1.231097e+01  2.780854e+01
1.229539e+01  2.680854e+01
1.227847e+01  2.580854e+01
1.225967e+01  2.480854e+01
1.223801e+01  2.380854e+01
1.221113e+01  2.280854e+01
1.216872e+01  2.180854e+01
1.327042e+01  7.580854e+01
1.328626e+01  7.480854e+01
1.330130e+01  7.380854e+01
1.331571e+01  7.280854e+01
1.332957e+01  7.180854e+01
1.334297e+01  7.080854e+01
1.335598e+01  6.980854e+01
1.336865e+01  6.880854e+01
1.338103e+01  6.780854e+01
1.339315e+01  6.680854e+01
1.340505e+01  6.580854e+01
1.341676e+01  6.480854e+01
1.342829e+01  6.380854e+01
1.343967e+01  6.280854e+01
1.345093e+01  6.180854e+01
1.346207e+01  6.080854e+01
1.347312e+01  5.980854e+01
1.348409e+01  5.880854e+01
1.349499e+01  5.780854e+01
1.350585e+01  5.680854e+01
1.351666e+01  5.580854e+01
1.352745e+01  5.480854e+01
1.353823e+01  5.380854e+01
1.354900e+01  5.280854e+01
1.355978e+01  5.180854e+01
1.357058e+01  5.080854e+01
1.358141e+01  4.980854e+01
1.359229e+01  4.880854e+01
1.360322e+01  4.780854e+01
1.361423e+01  4.680854e+01
1.362532e+01  4.580854e+01
1.363650e+01  4.480854e+01
1.364780e+01  4.380854e+01
1.365923e+01  4.280854e+01
1.367080e+01  4.180854e+01
1.368254e+01  4.080854e+01
1.369447e+01  3.980854e+01
1.370662e+01  3.880854e+01
1.371900e+01  3.780854e+01
1.373166e+01  3.680854e+01
1.374462e+01  3.580854e+01
1.375793e+01  3.480854e+01
1.377165e+01  3.380854e+01
1.378583e+01  3.280854e+01
1.380054e+01  3.180854e+01
1.381588e+01  3.080854e+01
1.383196e+01  2.980854e+01
1.384895e+01  2.880854e+01
1.386704e+01  2.780854e+01
1.388655e+01  2.680854e+01
1.390791e+01  2.580854e+01
1.393188e+01  2.480854e+01
1.395982e+01  2.380854e+01
1.399501e+01  2.280854e+01
1.405181e+01  2.180854e+01
1.493716e+01  5.595258e+01
1.489773e+01  5.495258e+01
1.486505e+01  5.395258e+01
1.483635e+01  5.295258e+01
1.481034e+01  5.195258e+01
1.478626e+01  5.095258e+01
1.476364e+01  4.995258e+01
1.474218e+01  4.895258e+01
1.472162e+01  4.795258e+01
1.470181e+01  4.695258e+01
1.468260e+01  4.595258e+01
1.466388e+01  4.495258e+01
1.464556e+01  4.395258e+01
1.462756e+01  4.295258e+01
1.460981e+01  4.195258e+01
1.459224e+01  4.095258e+01
1.457481e+01  3.995258e+01
1.455745e+01  3.895258e+01
1.454011e+01  3.795258e+01
1.452273e+01  3.695258e+01
1.450527e+01  3.595258e+01
1.448767e+01  3.495258e+01
1.446984e+01  3.395258e+01
1.445174e+01  3.295258e+01
1.443327e+01  3.195258e+01
1.441432e+01  3.095258e+01
1.439479e+01  2.995258e+01
1.437450e+01  2.895258e+01
1.435326e+01  2.795258e+01
1.433077e+01  2.695258e+01
1.430660e+01  2.595258e+01
1.428006e+01  2.495258e+01
1.424989e+01  2.395258e+01
1.421329e+01  2.295258e+01
1.415966e+01  2.195258e+01
1.523228e+01  5.595258e+01
1.527454e+01  5.495258e+01
1.531014e+01  5.395258e+01
1.534182e+01  5.295258e+01
1.537092e+01  5.195258e+01
1.539817e+01  5.095258e+01
1.542406e+01  4.995258e+01
1.544890e+01  4.895258e+01
1.547294e+01  4.795258e+01
1.549635e+01  4.695258e+01
1.551930e+01  4.595258e+01
1.554189e+01  4.495258e+01
1.556423e+01  4.395258e+01
1.558642e+01  4.295258e+01
1.560852e+01  4.195258e+01
1.563063e+01  4.095258e+01
1.565282e+01  3.995258e+01
1.567517e+01  3.895258e+01
1.569775e+01  3.795258e+01
1.572064e+01  3.695258e+01
1.574393e+01  3.595258e+01
1.576773e+01  3.495258e+01
1.579215e+01  3.395258e+01
1.581731e+01  3.295258e+01
1.584337e+01  3.195258e+01
1.587054e+01  3.095258e+01
1.589905e+01  2.995258e+01
1.592922e+01  2.895258e+01
1.596150e+01  2.795258e+01
1.599649e+01  2.695258e+01
1.603512e+01  2.595258e+01
1.607892e+01  2.495258e+01
1.613070e+01  2.395258e+01
1.619693e+01  2.295258e+01
1.630259e+01  2.195258e+01
1.086654e+01  1.796952e+02
1.084846e+01  1.786952e+02
1.083321e+01  1.776952e+02
1.081977e+01  1.766952e+02
1.080760e+01  1.756952e+02
1.079641e+01  1.746952e+02
1.078598e+01  1.736952e+02
1.077617e+01  1.726952e+02
1.076689e+01  1.716952e+02
1.075806e+01  1.706952e+02
1.074961e+01  1.696952e+02
1.074150e+01  1.686952e+02
1.073369e+01  1.676952e+02
1.072615e+01  1.666952e+02
1.071886e+01  1.656952e+02
1.071178e+01  1.646952e+02
1.070490e+01  1.636952e+02
1.069821e+01  1.626952e+02
1.069169e+01  1.616952e+02
1.068533e+01  1.606952e+02
1.067912e+01  1.596952e+02
1.067305e+01  1.586952e+02
1.066710e+01  1.576952e+02
1.066128e+01  1.566952e+02
1.065558e+01  1.556952e+02
1.064998e+01  1.546952e+02
1.064449e+01  1.536952e+02
1.063909e+01  1.526952e+02
1.063380e+01  1.516952e+02
1.062859e+01  1.506952e+02
1.062347e+01  1.496952e+02
1.061843e+01  1.486952e+02
1.061348e+01  1.476952e+02
1.060860e+01  1.466952e+02
1.060380e+01  1.456952e+02
1.059907e+01  1.446952e+02
1.059442e+01  1.436952e+02
1.058983e+01  1.426952e+02
1.058532e+01  1.416952e+02
1.058087e+01  1.406952e+02
1.057648e+01  1.396952e+02
1.057216e+01  1.386952e+02
1.056791e+01  1.376952e+02
1.056372e+01  1.366952e+02
1.055958e+01  1.356952e+02
1.055552e+01  1.346952e+02
1.055151e+01  1.336952e+02
1.054756e+01  1.326952e+02
1.054368e+01  1.316952e+02
1.053985e+01  1.306952e+02
1.053609e+01  1.296952e+02
1.053238e+01  1.286952e+02
1.052874e+01  1.276952e+02
1.052516e+01  1.266952e+02
1.052165e+01  1.256952e+02
1.051819e+01  1.246952e+02
1.051480e+01  1.236952e+02
1.051148e+01  1.226952e+02
1.050822e+01  1.216952e+02
1.050503e+01  1.206952e+02
1.050191e+01  1.196952e+02
1.049886e+01  1.186952e+02
1.049588e+01  1.176952e+02
1.049298e+01  1.166952e+02
1.049015e+01  1.156952e+02
1.048740e+01  1.146952e+02
1.048473e+01  1.136952e+02
1.048215e+01  1.126952e+02
1.047965e+01  1.116952e+02
1.047725e+01  1.106952e+02
1.047493e+01  1.096952e+02
1.047272e+01  1.086952e+02
1.047060e+01  1.076952e+02
1.046859e+01  1.066952e+02
1.046669e+01  1.056952e+02
1.046491e+01  1.046952e+02
1.046325e+01  1.036952e+02
1.046171e+01  1.026952e+02
1.046031e+01  1.016952e+02
1.045904e+01  1.006952e+02
1.045792e+01  9.969515e+01
1.045696e+01  9.869515e+01
1.045616e+01  9.769515e+01
1.045553e+01  9.669515e+01
1.045508e+01  9.569515e+01
1.045483e+01  9.469515e+01
1.045477e+01  9.369515e+01
1.045493e+01  9.269515e+01
1.045532e+01  9.169515e+01
1.045595e+01  9.069515e+01
1.045683e+01  8.969515e+01
1.045798e+01  8.869515e+01
1.045943e+01  8.769515e+01
1.046117e+01  8.669515e+01
1.046324e+01  8.569515e+01
1.046565e+01  8.469515e+01
1.046843e+01  8.369515e+01
1.047159e+01  8.269515e+01
1.047516e+01  8.169515e+01
1.047917e+01  8.069515e+01
1.048363e+01  7.969515e+01
1.048857e+01  7.869515e+01
1.049402e+01  7.769515e+01
1.050001e+01  7.669515e+01
1.050656e+01  7.569515e+01
1.051369e+01  7.469515e+01
1.052142e+01  7.369515e+01
1.052979e+01  7.269515e+01
1.053880e+01  7.169515e+01
1.054848e+01  7.069515e+01
1.055883e+01  6.969515e+01
1.056985e+01  6.869515e+01
1.058156e+01  6.769515e+01
1.059394e+01  6.669515e+01
1.060699e+01  6.569515e+01
1.062067e+01  6.469515e+01
1.063497e+01  6.369515e+01
1.064986e+01  6.269515e+01
1.066530e+01  6.169515e+01
1.068124e+01  6.069515e+01
1.069765e+01  5.969515e+01
1.071447e+01  5.869515e+01
1.073166e+01  5.769515e+01
1.074917e+01  5.669515e+01
1.076695e+01  5.569515e+01
1.078496e+01  5.469515e+01
1.080316e+01  5.369515e+01
1.082152e+01  5.269515e+01
1.084000e+01  5.169515e+01
1.085857e+01  5.069515e+01
1.087721e+01  4.969515e+01
1.089591e+01  4.869515e+01
1.091464e+01  4.769515e+01
1.093340e+01  4.669515e+01
1.095218e+01  4.569515e+01
1.097099e+01  4.469515e+01
1.098982e+01  4.369515e+01
1.100867e+01  4.269515e+01
1.102757e+01  4.169515e+01
1.104652e+01  4.069515e+01
1.106554e+01  3.969515e+01
1.108465e+01  3.869515e+01
1.110388e+01  3.769515e+01
1.112326e+01  3.669515e+01
1.114282e+01  3.569515e+01
1.116261e+01  3.469515e+01
1.118269e+01  3.369515e+01
1.120311e+01  3.269515e+01
1.122395e+01  3.169515e+01
1.124532e+01  3.069515e+01
1.126734e+01  2.969515e+01
1.129018e+01  2.869515e+01
1.131405e+01  2.769515e+01
1.133929e+01  2.669515e+01
1.136638e+01  2.569515e+01
1.139612e+01  2.469515e+01
1.143006e+01  2.369515e+01
1.147194e+01  2.269515e+01
1.154179e+01  2.169515e+01
1.102808e+01  1.796952e+02
1.104648e+01  1.786952e+02
1.106206e+01  1.776952e+02
1.107584e+01  1.766952e+02
1.108835e+01  1.756952e+02
1.109990e+01  1.746952e+02
1.111070e+01  1.736952e+02
1.112087e+01  1.726952e+02
1.113053e+01  1.716952e+02
1.113976e+01  1.706952e+02
1.114861e+01  1.696952e+02
1.115713e+01  1.686952e+02
1.116536e+01  1.676952e+02
1.117333e+01  1.666952e+02
1.118107e+01  1.656952e+02
1.118860e+01  1.646952e+02
1.119594e+01  1.636952e+02
1.120310e+01  1.626952e+02
1.121011e+01  1.616952e+02
1.121698e+01  1.606952e+02
1.122370e+01  1.596952e+02
1.123031e+01  1.586952e+02
1.123679e+01  1.576952e+02
1.124317e+01  1.566952e+02
1.124945e+01  1.556952e+02
1.125563e+01  1.546952e+02
1.126172e+01  1.536952e+02
1.126774e+01  1.526952e+02
1.127367e+01  1.516952e+02
1.127953e+01  1.506952e+02
1.128532e+01  1.496952e+02
1.129104e+01  1.486952e+02
1.129670e+01  1.476952e+02
1.130231e+01  1.466952e+02
1.130786e+01  1.456952e+02
1.131335e+01  1.446952e+02
1.131880e+01  1.436952e+02
1.132420e+01  1.426952e+02
1.132955e+01  1.416952e+02
1.133486e+01  1.406952e+02
1.134013e+01  1.396952e+02
1.134536e+01  1.386952e+02
1.135056e+01  1.376952e+02
1.135572e+01  1.366952e+02
1.136084e+01  1.356952e+02
1.136594e+01  1.346952e+02
1.137101e+01  1.336952e+02
1.137604e+01  1.326952e+02
1.138105e+01  1.316952e+02
1.138604e+01  1.306952e+02
1.139100e+01  1.296952e+02
1.139594e+01  1.286952e+02
1.140085e+01  1.276952e+02
1.140575e+01  1.266952e+02
1.141063e+01  1.256952e+02
1.141548e+01  1.246952e+02
1.142032e+01  1.236952e+02
1.142515e+01  1.226952e+02
1.142996e+01  1.216952e+02
1.143475e+01  1.206952e+02
1.143953e+01  1.196952e+02
1.144430e+01  1.186952e+02
1.144906e+01  1.176952e+02
1.145381e+01  1.166952e+02
1.145854e+01  1.156952e+02
1.146327e+01  1.146952e+02
1.146799e+01  1.136952e+02
1.147270e+01  1.126952e+02
1.147741e+01  1.116952e+02
1.148211e+01  1.106952e+02
1.148681e+01  1.096952e+02
1.149150e+01  1.086952e+02
1.149619e+01  1.076952e+02
1.150087e+01  1.066952e+02
1.150556e+01  1.056952e+02
1.151024e+01  1.046952e+02
1.151492e+01  1.036952e+02
1.151961e+01  1.026952e+02
1.152429e+01  1.016952e+02
1.152898e+01  1.006952e+02
1.153367e+01  9.969515e+01
1.153836e+01  9.869515e+01
1.154306e+01  9.769515e+01
1.154776e+01  9.669515e+01
1.155247e+01  9.569515e+01
1.155718e+01  9.469515e+01
1.156190e+01  9.369515e+01
1.156663e+01  9.269515e+01
1.157137e+01  9.169515e+01
1.157612e+01  9.069515e+01
1.158088e+01  8.969515e+01
1.158565e+01  8.869515e+01
1.159044e+01  8.769515e+01
1.159523e+01  8.669515e+01
1.160004e+01  8.569515e+01
1.160487e+01  8.469515e+01
1.160971e+01  8.369515e+01
1.161457e+01  8.269515e+01
1.161945e+01  8.169515e+01
1.162434e+01  8.069515e+01
1.162926e+01  7.969515e+01
1.163419e+01  7.869515e+01
1.163915e+01  7.769515e+01
1.164414e+01  7.669515e+01
1.164914e+01  7.569515e+01
1.165417e+01  7.469515e+01
1.165923e+01  7.369515e+01
1.166432e+01  7.269515e+01
1.166944e+01  7.169515e+01
1.167459e+01  7.069515e+01
1.167977e+01  6.969515e+01
1.168499e+01  6.869515e+01
1.169024e+01  6.769515e+01
1.169553e+01  6.669515e+01
1.170086e+01  6.569515e+01
1.170623e+01  6.469515e+01
1.171165e+01  6.369515e+01
1.171711e+01  6.269515e+01
1.172262e+01  6.169515e+01
1.172818e+01  6.069515e+01
1.173379e+01  5.969515e+01
1.173946e+01  5.869515e+01
1.174518e+01  5.769515e+01
1.175097e+01  5.669515e+01
1.175682e+01  5.569515e+01
1.176274e+01  5.469515e+01
1.176874e+01  5.369515e+01
1.177480e+01  5.269515e+01
1.178095e+01  5.169515e+01
1.178719e+01  5.069515e+01
1.179351e+01  4.969515e+01
1.179994e+01  4.869515e+01
1.180646e+01  4.769515e+01
1.181309e+01  4.669515e+01
1.181984e+01  4.569515e+01
1.182672e+01  4.469515e+01
1.183372e+01  4.369515e+01
1.184087e+01  4.269515e+01
1.184818e+01  4.169515e+01
1.185565e+01  4.069515e+01
1.186331e+01  3.969515e+01
1.187116e+01  3.869515e+01
1.187924e+01  3.769515e+01
1.188755e+01  3.669515e+01
1.189613e+01  3.569515e+01
1.190500e+01  3.469515e+01
1.191420e+01  3.369515e+01
1.192378e+01  3.269515e+01
1.193379e+01  3.169515e+01
1.194430e+01  3.069515e+01
1.195539e+01  2.969515e+01
1.196718e+01  2.869515e+01
1.197983e+01  2.769515e+01
1.199356e+01  2.669515e+01
1.200871e+01  2.569515e+01
1.202586e+01  2.469515e+01
1.204608e+01  2.369515e+01
1.207202e+01  2.269515e+01
1.211773e+01  2.169515e+01
1.285169e+01  7.580854e+01
1.283609e+01  7.480854e+01
1.282137e+01  7.380854e+01
1.280739e+01  7.280854e+01
1.279402e+01  7.180854e+01
1.278116e+01  7.080854e+01
1.276875e+01  6.980854e+01
1.275671e+01  6.880854e+01
1.274501e+01  6.780854e+01
1.273360e+01  6.680854e+01
1.272244e+01  6.580854e+01
1.271151e+01  6.480854e+01
1.270078e+01  6.380854e+01
1.269022e+01  6.280854e+01
1.267982e+01  6.180854e+01
1.266956e+01  6.080854e+01
1.265943e+01  5.980854e+01
1.264939e+01  5.880854e+01
1.263945e+01  5.780854e+01
1.262960e+01  5.680854e+01
1.261980e+01  5.580854e+01
1.261007e+01  5.480854e+01
1.260037e+01  5.380854e+01
1.259072e+01  5.280854e+01
1.258108e+01  5.180854e+01
1.257146e+01  5.080854e+01
1.256184e+01  4.980854e+01
1.255222e+01  4.880854e+01
1.254257e+01  4.780854e+01
1.253290e+01  4.680854e+01
1.252319e+01  4.580854e+01
1.251343e+01  4.480854e+01
1.250360e+01  4.380854e+01
1.249370e+01  4.280854e+01
1.248370e+01  4.180854e+01
1.247360e+01  4.080854e+01
1.246338e+01  3.980854e+01
1.245302e+01  3.880854e+01
1.244250e+01  3.780854e+01
1.243179e+01  3.680854e+01
1.242086e+01  3.580854e+01
1.240970e+01  3.480854e+01
1.239825e+01  3.380854e+01
1.238647e+01  3.280854e+01
1.237432e+01  3.180854e+01
1.236172e+01  3.080854e+01
1.234858e+01  2.980854e+01
1.233480e+01  2.880854e+01
1.232022e+01  2.780854e+01
1.230462e+01  2.680854e+01
1.228769e+01  2.580854e+01
1.226887e+01  2.480854e+01
1.224718e+01  2.380854e+01
1.222028e+01  2.280854e+01
1.217782e+01  2.180854e+01
1.326665e+01  7.580854e+01
1.328303e+01  7.480854e+01
1.329854e+01  7.380854e+01
1.331332e+01  7.280854e+01
1.332751e+01  7.180854e+01
1.334120e+01  7.080854e+01
1.335446e+01  6.980854e+01
1.336735e+01  6.880854e+01
1.337993e+01  6.780854e+01
1.339223e+01  6.680854e+01
1.340429e+01  6.580854e+01
1.341614e+01  6.480854e+01
1.342781e+01  6.380854e+01
1.343932e+01  6.280854e+01
1.345069e+01  6.180854e+01
1.346194e+01  6.080854e+01
1.347309e+01  5.980854e+01
1.348415e+01  5.880854e+01
1.349514e+01  5.780854e+01
1.350608e+01  5.680854e+01
1.351697e+01  5.580854e+01
1.352784e+01  5.480854e+01
1.353868e+01  5.380854e+01
1.354952e+01  5.280854e+01
1.356036e+01  5.180854e+01
1.357122e+01  5.080854e+01
1.358211e+01  4.980854e+01
1.359304e+01  4.880854e+01
1.360403e+01  4.780854e+01
1.361508e+01  4.680854e+01
1.362622e+01  4.580854e+01
1.363745e+01  4.480854e+01
1.364879e+01  4.380854e+01
1.366026e+01  4.280854e+01
1.367187e+01  4.180854e+01
1.368365e+01  4.080854e+01
1.369562e+01  3.980854e+01
1.370780e+01  3.880854e+01
1.372022e+01  3.780854e+01
1.373291e+01  3.680854e+01
1.374591e+01  3.580854e+01
1.375925e+01  3.480854e+01
1.377300e+01  3.380854e+01
1.378721e+01  3.280854e+01
1.380195e+01  3.180854e+01
1.381732e+01  3.080854e+01
1.383343e+01  2.980854e+01
1.385044e+01  2.880854e+01
1.386857e+01  2.780854e+01
1.388810e+01  2.680854e+01
1.390949e+01  2.580854e+01
1.393348e+01  2.480854e+01
1.396145e+01  2.380854e+01
1.399666e+01  2.280854e+01
1.405350e+01  2.180854e+01
1.493509e+01  5.595258e+01
1.489668e+01  5.495258e+01
1.486456e+01  5.395258e+01
1.483624e+01  5.295258e+01
1.481049e+01  5.195258e+01
1.478662e+01  5.095258e+01
1.476417e+01  4.995258e+01
1.474284e+01  4.895258e+01
1.472240e+01  4.795258e+01
1.470268e+01  4.695258e+01
1.468356e+01  4.595258e+01
1.466491e+01  4.495258e+01
1.464665e+01  4.395258e+01
1.462871e+01  4.295258e+01
1.461101e+01  4.195258e+01
1.459349e+01  4.095258e+01
1.457610e+01  3.995258e+01
1.455878e+01  3.895258e+01
1.454148e+01  3.795258e+01
1.452414e+01  3.695258e+01
1.450672e+01  3.595258e+01
1.448914e+01  3.495258e+01
1.447134e+01  3.395258e+01
1.445327e+01  3.295258e+01
1.443482e+01  3.195258e+01
1.441590e+01  3.095258e+01
1.439638e+01  2.995258e+01
1.437612e+01  2.895258e+01
1.435489e+01  2.795258e+01
1.433242e+01  2.695258e+01
1.430827e+01  2.595258e+01
1.428174e+01  2.495258e+01
1.425159e+01  2.395258e+01
1.421499e+01  2.295258e+01
1.416138e+01  2.195258e+01
1.524021e+01  5.595258e+01
1.528147e+01  5.495258e+01
1.531651e+01  5.395258e+01
1.534785e+01  5.295258e+01
1.537669e+01  5.195258e+01
1.540375e+01  5.095258e+01
1.542949e+01  4.995258e+01
1.545422e+01  4.895258e+01
1.547816e+01  4.795258e+01
1.550150e+01  4.695258e+01
1.552438e+01  4.595258e+01
1.554692e+01  4.495258e+01
1.556922e+01  4.395258e+01
1.559137e+01  4.295258e+01
1.561345e+01  4.195258e+01
1.563554e+01  4.095258e+01
1.565771e+01  3.995258e+01
1.568004e+01  3.895258e+01
1.570261e+01  3.795258e+01
1.572550e+01  3.695258e+01
1.574880e+01  3.595258e+01
1.577261e+01  3.495258e+01
1.579703e+01  3.395258e+01
1.582221e+01  3.295258e+01
1.584830e+01  3.195258e+01
1.587550e+01  3.095258e+01
1.590405e+01  2.995258e+01
1.593427e+01  2.895258e+01
1.596660e+01  2.795258e+01
1.600166e+01  2.695258e+01
1.604039e+01  2.595258e+01
1.608431e+01  2.495258e+01
1.613625e+01  2.395258e+01
1.620273e+01  2.295258e+01
1.630892e+01  2.195258e+01
