1.085856e+01  1.956952e+02
1.083258e+01  1.946952e+02
1.081305e+01  1.936952e+02
1.079666e+01  1.926952e+02
1.078224e+01  1.916952e+02
1.076919e+01  1.906952e+02
1.075716e+01  1.896952e+02
1.074594e+01  1.886952e+02
1.073537e+01  1.876952e+02
1.072534e+01  1.866952e+02
1.071576e+01  1.856952e+02
1.070658e+01  1.846952e+02
1.069774e+01  1.836952e+02
1.068921e+01  1.826952e+02
1.068094e+01  1.816952e+02
1.067291e+01  1.806952e+02
1.066510e+01  1.796952e+02
1.065749e+01  1.786952e+02
1.065006e+01  1.776952e+02
1.064279e+01  1.766952e+02
1.063567e+01  1.756952e+02
1.062869e+01  1.746952e+02
1.062184e+01  1.736952e+02
1.061510e+01  1.726952e+02
1.060848e+01  1.716952e+02
1.060196e+01  1.706952e+02
1.059554e+01  1.696952e+02
1.058921e+01  1.686952e+02
1.058297e+01  1.676952e+02
1.057681e+01  1.666952e+02
1.057072e+01  1.656952e+02
1.056470e+01  1.646952e+02
1.055875e+01  1.636952e+02
1.055286e+01  1.626952e+02
1.054703e+01  1.616952e+02
1.054126e+01  1.606952e+02
1.053554e+01  1.596952e+02
1.052987e+01  1.586952e+02
1.052425e+01  1.576952e+02
1.051868e+01  1.566952e+02
1.051315e+01  1.556952e+02
1.050766e+01  1.546952e+02
1.050221e+01  1.536952e+02
1.049680e+01  1.526952e+02
1.049142e+01  1.516952e+02
1.048608e+01  1.506952e+02
1.048077e+01  1.496952e+02
1.047549e+01  1.486952e+02
1.047023e+01  1.476952e+02
1.046501e+01  1.466952e+02
1.045981e+01  1.456952e+02
1.045463e+01  1.446952e+02
1.044948e+01  1.436952e+02
1.044435e+01  1.426952e+02
1.043924e+01  1.416952e+02
1.043415e+01  1.406952e+02
1.042908e+01  1.396952e+02
1.042402e+01  1.386952e+02
1.041899e+01  1.376952e+02
1.041396e+01  1.366952e+02
1.040896e+01  1.356952e+02
1.040396e+01  1.346952e+02
1.039898e+01  1.336952e+02
1.039401e+01  1.326952e+02
1.038905e+01  1.316952e+02
1.038410e+01  1.306952e+02
1.037916e+01  1.296952e+02
1.037422e+01  1.286952e+02
1.036930e+01  1.276952e+02
1.036438e+01  1.266952e+02
1.035946e+01  1.256952e+02
1.035455e+01  1.246952e+02
1.034965e+01  1.236952e+02
1.034475e+01  1.226952e+02
1.033985e+01  1.216952e+02
1.033495e+01  1.206952e+02
1.033006e+01  1.196952e+02
1.032516e+01  1.186952e+02
1.032027e+01  1.176952e+02
1.031537e+01  1.166952e+02
1.031047e+01  1.156952e+02
1.030557e+01  1.146952e+02
1.030067e+01  1.136952e+02
1.029576e+01  1.126952e+02
1.029085e+01  1.116952e+02
1.028593e+01  1.106952e+02
1.028100e+01  1.096952e+02
1.027607e+01  1.086952e+02
1.027114e+01  1.076952e+02
1.026619e+01  1.066952e+02
1.026123e+01  1.056952e+02
1.025627e+01  1.046952e+02
1.025129e+01  1.036952e+02
1.024631e+01  1.026952e+02
1.024131e+01  1.016952e+02
1.023630e+01  1.006952e+02
1.023127e+01  9.969515e+01
1.022623e+01  9.869515e+01
1.022118e+01  9.769515e+01
1.021611e+01  9.669515e+01
1.021102e+01  9.569515e+01
1.020591e+01  9.469515e+01
1.020079e+01  9.369515e+01
1.019564e+01  9.269515e+01
1.019048e+01  9.169515e+01
1.018529e+01  9.069515e+01
1.018008e+01  8.969515e+01
1.017485e+01  8.869515e+01
1.016959e+01  8.769515e+01
1.016431e+01  8.669515e+01
1.015900e+01  8.569515e+01
1.015366e+01  8.469515e+01
1.014829e+01  8.369515e+01
1.014290e+01  8.269515e+01
1.013747e+01  8.169515e+01
1.013201e+01  8.069515e+01
1.012651e+01  7.969515e+01
1.012098e+01  7.869515e+01
1.011541e+01  7.769515e+01
1.010980e+01  7.669515e+01
1.010415e+01  7.569515e+01
1.009846e+01  7.469515e+01
1.009272e+01  7.369515e+01
1.008694e+01  7.269515e+01
1.008111e+01  7.169515e+01
1.007524e+01  7.069515e+01
1.006931e+01  6.969515e+01
1.006332e+01  6.869515e+01
1.005728e+01  6.769515e+01
1.005118e+01  6.669515e+01
1.004502e+01  6.569515e+01
1.003880e+01  6.469515e+01
1.003251e+01  6.369515e+01
1.002615e+01  6.269515e+01
1.001971e+01  6.169515e+01
1.001320e+01  6.069515e+01
1.000661e+01  5.969515e+01
9.999938e+00  5.869515e+01
9.993174e+00  5.769515e+01
9.986317e+00  5.669515e+01
9.979363e+00  5.569515e+01
9.972305e+00  5.469515e+01
9.965138e+00  5.369515e+01
9.957857e+00  5.269515e+01
9.950455e+00  5.169515e+01
9.942924e+00  5.069515e+01
9.935257e+00  4.969515e+01
9.927445e+00  4.869515e+01
9.919480e+00  4.769515e+01
9.911350e+00  4.669515e+01
9.903045e+00  4.569515e+01
9.894552e+00  4.469515e+01
9.885857e+00  4.369515e+01
9.876945e+00  4.269515e+01
9.867798e+00  4.169515e+01
9.858396e+00  4.069515e+01
9.848717e+00  3.969515e+01
9.838736e+00  3.869515e+01
9.828422e+00  3.769515e+01
9.817741e+00  3.669515e+01
9.806653e+00  3.569515e+01
9.795109e+00  3.469515e+01
9.783053e+00  3.369515e+01
9.770413e+00  3.269515e+01
9.757104e+00  3.169515e+01
9.743016e+00  3.069515e+01
9.728008e+00  2.969515e+01
9.711894e+00  2.869515e+01
9.694415e+00  2.769515e+01
9.675202e+00  2.669515e+01
9.653689e+00  2.569515e+01
9.628931e+00  2.469515e+01
9.599120e+00  2.369515e+01
9.559797e+00  2.269515e+01
9.487006e+00  2.169515e+01
1.096653e+01  1.956952e+02
1.099228e+01  1.946952e+02
1.101157e+01  1.936952e+02
1.102771e+01  1.926952e+02
1.104189e+01  1.916952e+02
1.105469e+01  1.906952e+02
1.106647e+01  1.896952e+02
1.107745e+01  1.886952e+02
1.108777e+01  1.876952e+02
1.109755e+01  1.866952e+02
1.110687e+01  1.856952e+02
1.111580e+01  1.846952e+02
1.112438e+01  1.836952e+02
1.113266e+01  1.826952e+02
1.114066e+01  1.816952e+02
1.114843e+01  1.806952e+02
1.115597e+01  1.796952e+02
1.116332e+01  1.786952e+02
1.117049e+01  1.776952e+02
1.117749e+01  1.766952e+02
1.118434e+01  1.756952e+02
1.119104e+01  1.746952e+02
1.119762e+01  1.736952e+02
1.120408e+01  1.726952e+02
1.121042e+01  1.716952e+02
1.121666e+01  1.706952e+02
1.122279e+01  1.696952e+02
1.122884e+01  1.686952e+02
1.123480e+01  1.676952e+02
1.124067e+01  1.666952e+02
1.124647e+01  1.656952e+02
1.125220e+01  1.646952e+02
1.125785e+01  1.636952e+02
1.126344e+01  1.626952e+02
1.126897e+01  1.616952e+02
1.127444e+01  1.606952e+02
1.127985e+01  1.596952e+02
1.128521e+01  1.586952e+02
1.129052e+01  1.576952e+02
1.129578e+01  1.566952e+02
1.130100e+01  1.556952e+02
1.130617e+01  1.546952e+02
1.131130e+01  1.536952e+02
1.131639e+01  1.526952e+02
1.132145e+01  1.516952e+02
1.132646e+01  1.506952e+02
1.133145e+01  1.496952e+02
1.133640e+01  1.486952e+02
1.134131e+01  1.476952e+02
1.134620e+01  1.466952e+02
1.135106e+01  1.456952e+02
1.135589e+01  1.446952e+02
1.136070e+01  1.436952e+02
1.136548e+01  1.426952e+02
1.137024e+01  1.416952e+02
1.137497e+01  1.406952e+02
1.137968e+01  1.396952e+02
1.138438e+01  1.386952e+02
1.138905e+01  1.376952e+02
1.139370e+01  1.366952e+02
1.139834e+01  1.356952e+02
1.140296e+01  1.346952e+02
1.140756e+01  1.336952e+02
1.141215e+01  1.326952e+02
1.141673e+01  1.316952e+02
1.142129e+01  1.306952e+02
1.142583e+01  1.296952e+02
1.143037e+01  1.286952e+02
1.143490e+01  1.276952e+02
1.143941e+01  1.266952e+02
1.144392e+01  1.256952e+02
1.144841e+01  1.246952e+02
1.145290e+01  1.236952e+02
1.145738e+01  1.226952e+02
1.146185e+01  1.216952e+02
1.146632e+01  1.206952e+02
1.147078e+01  1.196952e+02
1.147524e+01  1.186952e+02
1.147969e+01  1.176952e+02
1.148414e+01  1.166952e+02
1.148858e+01  1.156952e+02
1.149302e+01  1.146952e+02
1.149746e+01  1.136952e+02
1.150190e+01  1.126952e+02
1.150634e+01  1.116952e+02
1.151078e+01  1.106952e+02
1.151522e+01  1.096952e+02
1.151966e+01  1.086952e+02
1.152410e+01  1.076952e+02
1.152854e+01  1.066952e+02
1.153299e+01  1.056952e+02
1.153744e+01  1.046952e+02
1.154190e+01  1.036952e+02
1.154636e+01  1.026952e+02
1.155082e+01  1.016952e+02
1.155529e+01  1.006952e+02
1.155977e+01  9.969515e+01
1.156426e+01  9.869515e+01
1.156875e+01  9.769515e+01
1.157325e+01  9.669515e+01
1.157776e+01  9.569515e+01
1.158228e+01  9.469515e+01
1.158681e+01  9.369515e+01
1.159136e+01  9.269515e+01
1.159591e+01  9.169515e+01
1.160048e+01  9.069515e+01
1.160506e+01  8.969515e+01
1.160966e+01  8.869515e+01
1.161427e+01  8.769515e+01
1.161890e+01  8.669515e+01
1.162354e+01  8.569515e+01
1.162820e+01  8.469515e+01
1.163288e+01  8.369515e+01
1.163758e+01  8.269515e+01
1.164231e+01  8.169515e+01
1.164705e+01  8.069515e+01
1.165181e+01  7.969515e+01
1.165660e+01  7.869515e+01
1.166141e+01  7.769515e+01
1.166625e+01  7.669515e+01
1.167111e+01  7.569515e+01
1.167600e+01  7.469515e+01
1.168092e+01  7.369515e+01
1.168588e+01  7.269515e+01
1.169086e+01  7.169515e+01
1.169588e+01  7.069515e+01
1.170093e+01  6.969515e+01
1.170601e+01  6.869515e+01
1.171114e+01  6.769515e+01
1.171630e+01  6.669515e+01
1.172151e+01  6.569515e+01
1.172676e+01  6.469515e+01
1.173205e+01  6.369515e+01
1.173740e+01  6.269515e+01
1.174279e+01  6.169515e+01
1.174823e+01  6.069515e+01
1.175373e+01  5.969515e+01
1.175928e+01  5.869515e+01
1.176490e+01  5.769515e+01
1.177058e+01  5.669515e+01
1.177632e+01  5.569515e+01
1.178214e+01  5.469515e+01
1.178802e+01  5.369515e+01
1.179399e+01  5.269515e+01
1.180004e+01  5.169515e+01
1.180617e+01  5.069515e+01
1.181239e+01  4.969515e+01
1.181872e+01  4.869515e+01
1.182514e+01  4.769515e+01
1.183168e+01  4.669515e+01
1.183834e+01  4.569515e+01
1.184512e+01  4.469515e+01
1.185203e+01  4.369515e+01
1.185909e+01  4.269515e+01
1.186631e+01  4.169515e+01
1.187370e+01  4.069515e+01
1.188127e+01  3.969515e+01
1.188904e+01  3.869515e+01
1.189702e+01  3.769515e+01
1.190525e+01  3.669515e+01
1.191375e+01  3.569515e+01
1.192254e+01  3.469515e+01
1.193167e+01  3.369515e+01
1.194117e+01  3.269515e+01
1.195111e+01  3.169515e+01
1.196154e+01  3.069515e+01
1.197256e+01  2.969515e+01
1.198429e+01  2.869515e+01
1.199687e+01  2.769515e+01
1.201054e+01  2.669515e+01
1.202564e+01  2.569515e+01
1.204273e+01  2.469515e+01
1.206291e+01  2.369515e+01
1.208882e+01  2.269515e+01
1.213456e+01  2.169515e+01
1.291736e+01  7.580854e+01
1.289527e+01  7.480854e+01
1.287570e+01  7.380854e+01
1.285789e+01  7.280854e+01
1.284139e+01  7.180854e+01
1.282592e+01  7.080854e+01
1.281128e+01  6.980854e+01
1.279731e+01  6.880854e+01
1.278392e+01  6.780854e+01
1.277100e+01  6.680854e+01
1.275850e+01  6.580854e+01
1.274635e+01  6.480854e+01
1.273452e+01  6.380854e+01
1.272296e+01  6.280854e+01
1.271164e+01  6.180854e+01
1.270053e+01  6.080854e+01
1.268960e+01  5.980854e+01
1.267883e+01  5.880854e+01
1.266821e+01  5.780854e+01
1.265771e+01  5.680854e+01
1.264731e+01  5.580854e+01
1.263701e+01  5.480854e+01
1.262678e+01  5.380854e+01
1.261662e+01  5.280854e+01
1.260651e+01  5.180854e+01
1.259643e+01  5.080854e+01
1.258638e+01  4.980854e+01
1.257634e+01  4.880854e+01
1.256630e+01  4.780854e+01
1.255626e+01  4.680854e+01
1.254619e+01  4.580854e+01
1.253608e+01  4.480854e+01
1.252592e+01  4.380854e+01
1.251570e+01  4.280854e+01
1.250540e+01  4.180854e+01
1.249500e+01  4.080854e+01
1.248450e+01  3.980854e+01
1.247386e+01  3.880854e+01
1.246307e+01  3.780854e+01
1.245210e+01  3.680854e+01
1.244093e+01  3.580854e+01
1.242952e+01  3.480854e+01
1.241784e+01  3.380854e+01
1.240584e+01  3.280854e+01
1.239346e+01  3.180854e+01
1.238065e+01  3.080854e+01
1.236730e+01  2.980854e+01
1.235331e+01  2.880854e+01
1.233853e+01  2.780854e+01
1.232273e+01  2.680854e+01
1.230559e+01  2.580854e+01
1.228657e+01  2.480854e+01
1.226468e+01  2.380854e+01
1.223757e+01  2.280854e+01
1.219486e+01  2.180854e+01
1.319826e+01  7.580854e+01
1.322113e+01  7.480854e+01
1.324149e+01  7.380854e+01
1.326010e+01  7.280854e+01
1.327741e+01  7.180854e+01
1.329371e+01  7.080854e+01
1.330919e+01  6.980854e+01
1.332401e+01  6.880854e+01
1.333828e+01  6.780854e+01
1.335208e+01  6.680854e+01
1.336548e+01  6.580854e+01
1.337854e+01  6.480854e+01
1.339130e+01  6.380854e+01
1.340382e+01  6.280854e+01
1.341611e+01  6.180854e+01
1.342821e+01  6.080854e+01
1.344014e+01  5.980854e+01
1.345193e+01  5.880854e+01
1.346361e+01  5.780854e+01
1.347518e+01  5.680854e+01
1.348667e+01  5.580854e+01
1.349809e+01  5.480854e+01
1.350947e+01  5.380854e+01
1.352080e+01  5.280854e+01
1.353212e+01  5.180854e+01
1.354343e+01  5.080854e+01
1.355475e+01  4.980854e+01
1.356608e+01  4.880854e+01
1.357746e+01  4.780854e+01
1.358888e+01  4.680854e+01
1.360037e+01  4.580854e+01
1.361194e+01  4.480854e+01
1.362360e+01  4.380854e+01
1.363538e+01  4.280854e+01
1.364729e+01  4.180854e+01
1.365936e+01  4.080854e+01
1.367160e+01  3.980854e+01
1.368405e+01  3.880854e+01
1.369672e+01  3.780854e+01
1.370965e+01  3.680854e+01
1.372289e+01  3.580854e+01
1.373646e+01  3.480854e+01
1.375042e+01  3.380854e+01
1.376484e+01  3.280854e+01
1.377979e+01  3.180854e+01
1.379535e+01  3.080854e+01
1.381165e+01  2.980854e+01
1.382885e+01  2.880854e+01
1.384714e+01  2.780854e+01
1.386684e+01  2.680854e+01
1.388839e+01  2.580854e+01
1.391253e+01  2.480854e+01
1.394064e+01  2.380854e+01
1.397597e+01  2.280854e+01
1.403287e+01  2.180854e+01
1.492911e+01  5.795258e+01
1.489215e+01  5.695258e+01
1.486103e+01  5.595258e+01
1.483349e+01  5.495258e+01
1.480841e+01  5.395258e+01
1.478514e+01  5.295258e+01
1.476324e+01  5.195258e+01
1.474244e+01  5.095258e+01
1.472251e+01  4.995258e+01
1.470330e+01  4.895258e+01
1.468468e+01  4.795258e+01
1.466654e+01  4.695258e+01
1.464880e+01  4.595258e+01
1.463138e+01  4.495258e+01
1.461423e+01  4.395258e+01
1.459728e+01  4.295258e+01
1.458049e+01  4.195258e+01
1.456380e+01  4.095258e+01
1.454717e+01  3.995258e+01
1.453055e+01  3.895258e+01
1.451390e+01  3.795258e+01
1.449716e+01  3.695258e+01
1.448030e+01  3.595258e+01
1.446325e+01  3.495258e+01
1.444596e+01  3.395258e+01
1.442835e+01  3.295258e+01
1.441034e+01  3.195258e+01
1.439184e+01  3.095258e+01
1.437273e+01  2.995258e+01
1.435285e+01  2.895258e+01
1.433199e+01  2.795258e+01
1.430986e+01  2.695258e+01
1.428605e+01  2.595258e+01
1.425985e+01  2.495258e+01
1.423002e+01  2.395258e+01
1.419374e+01  2.295258e+01
1.414047e+01  2.195258e+01
1.523911e+01  5.795258e+01
1.527881e+01  5.695258e+01
1.531274e+01  5.595258e+01
1.534316e+01  5.495258e+01
1.537120e+01  5.395258e+01
1.539752e+01  5.295258e+01
1.542255e+01  5.195258e+01
1.544659e+01  5.095258e+01
1.546985e+01  4.995258e+01
1.549250e+01  4.895258e+01
1.551468e+01  4.795258e+01
1.553650e+01  4.695258e+01
1.555805e+01  4.595258e+01
1.557942e+01  4.495258e+01
1.560068e+01  4.395258e+01
1.562190e+01  4.295258e+01
1.564314e+01  4.195258e+01
1.566448e+01  4.095258e+01
1.568598e+01  3.995258e+01
1.570769e+01  3.895258e+01
1.572971e+01  3.795258e+01
1.575210e+01  3.695258e+01
1.577494e+01  3.595258e+01
1.579834e+01  3.495258e+01
1.582240e+01  3.395258e+01
1.584726e+01  3.295258e+01
1.587307e+01  3.195258e+01
1.590003e+01  3.095258e+01
1.592839e+01  2.995258e+01
1.595847e+01  2.895258e+01
1.599072e+01  2.795258e+01
1.602577e+01  2.695258e+01
1.606458e+01  2.595258e+01
1.610870e+01  2.495258e+01
1.616106e+01  2.395258e+01
1.622834e+01  2.295258e+01
1.633654e+01  2.195258e+01
1.083700e+01  1.936952e+02
1.081797e+01  1.926952e+02
1.080194e+01  1.916952e+02
1.078779e+01  1.906952e+02
1.077497e+01  1.896952e+02
1.076314e+01  1.886952e+02
1.075211e+01  1.876952e+02
1.074170e+01  1.866952e+02
1.073183e+01  1.856952e+02
1.072241e+01  1.846952e+02
1.071338e+01  1.836952e+02
1.070469e+01  1.826952e+02
1.069630e+01  1.816952e+02
1.068817e+01  1.806952e+02
1.068028e+01  1.796952e+02
1.067260e+01  1.786952e+02
1.066513e+01  1.776952e+02
1.065783e+01  1.766952e+02
1.065069e+01  1.756952e+02
1.064370e+01  1.746952e+02
1.063685e+01  1.736952e+02
1.063014e+01  1.726952e+02
1.062354e+01  1.716952e+02
1.061705e+01  1.706952e+02
1.061067e+01  1.696952e+02
1.060438e+01  1.686952e+02
1.059819e+01  1.676952e+02
1.059208e+01  1.666952e+02
1.058605e+01  1.656952e+02
1.058010e+01  1.646952e+02
1.057423e+01  1.636952e+02
1.056842e+01  1.626952e+02
1.056268e+01  1.616952e+02
1.055699e+01  1.606952e+02
1.055137e+01  1.596952e+02
1.054580e+01  1.586952e+02
1.054028e+01  1.576952e+02
1.053482e+01  1.566952e+02
1.052940e+01  1.556952e+02
1.052403e+01  1.546952e+02
1.051870e+01  1.536952e+02
1.051341e+01  1.526952e+02
1.050817e+01  1.516952e+02
1.050296e+01  1.506952e+02
1.049778e+01  1.496952e+02
1.049264e+01  1.486952e+02
1.048754e+01  1.476952e+02
1.048246e+01  1.466952e+02
1.047742e+01  1.456952e+02
1.047240e+01  1.446952e+02
1.046742e+01  1.436952e+02
1.046246e+01  1.426952e+02
1.045752e+01  1.416952e+02
1.045261e+01  1.406952e+02
1.044773e+01  1.396952e+02
1.044286e+01  1.386952e+02
1.043802e+01  1.376952e+02
1.043320e+01  1.366952e+02
1.042839e+01  1.356952e+02
1.042361e+01  1.346952e+02
1.041884e+01  1.336952e+02
1.041409e+01  1.326952e+02
1.040936e+01  1.316952e+02
1.040465e+01  1.306952e+02
1.039995e+01  1.296952e+02
1.039526e+01  1.286952e+02
1.039059e+01  1.276952e+02
1.038593e+01  1.266952e+02
1.038128e+01  1.256952e+02
1.037665e+01  1.246952e+02
1.037203e+01  1.236952e+02
1.036742e+01  1.226952e+02
1.036282e+01  1.216952e+02
1.035823e+01  1.206952e+02
1.035365e+01  1.196952e+02
1.034908e+01  1.186952e+02
1.034451e+01  1.176952e+02
1.033996e+01  1.166952e+02
1.033542e+01  1.156952e+02
1.033088e+01  1.146952e+02
1.032635e+01  1.136952e+02
1.032183e+01  1.126952e+02
1.031731e+01  1.116952e+02
1.031280e+01  1.106952e+02
1.030830e+01  1.096952e+02
1.030380e+01  1.086952e+02
1.029931e+01  1.076952e+02
1.029483e+01  1.066952e+02
1.029035e+01  1.056952e+02
1.028588e+01  1.046952e+02
1.028141e+01  1.036952e+02
1.027695e+01  1.026952e+02
1.027250e+01  1.016952e+02
1.026805e+01  1.006952e+02
1.026360e+01  9.969515e+01
1.025917e+01  9.869515e+01
1.025474e+01  9.769515e+01
1.025031e+01  9.669515e+01
1.024589e+01  9.569515e+01
1.024148e+01  9.469515e+01
1.023708e+01  9.369515e+01
1.023268e+01  9.269515e+01
1.022829e+01  9.169515e+01
1.022392e+01  9.069515e+01
1.021955e+01  8.969515e+01
1.021519e+01  8.869515e+01
1.021085e+01  8.769515e+01
1.020652e+01  8.669515e+01
1.020220e+01  8.569515e+01
1.019790e+01  8.469515e+01
1.019361e+01  8.369515e+01
1.018935e+01  8.269515e+01
1.018511e+01  8.169515e+01
1.018089e+01  8.069515e+01
1.017670e+01  7.969515e+01
1.017253e+01  7.869515e+01
1.016840e+01  7.769515e+01
1.016431e+01  7.669515e+01
1.016025e+01  7.569515e+01
1.015625e+01  7.469515e+01
1.015229e+01  7.369515e+01
1.014839e+01  7.269515e+01
1.014455e+01  7.169515e+01
1.014079e+01  7.069515e+01
1.013710e+01  6.969515e+01
1.013351e+01  6.869515e+01
1.013001e+01  6.769515e+01
1.012664e+01  6.669515e+01
1.012339e+01  6.569515e+01
1.012028e+01  6.469515e+01
1.011735e+01  6.369515e+01
1.011461e+01  6.269515e+01
1.011208e+01  6.169515e+01
1.010980e+01  6.069515e+01
1.010781e+01  5.969515e+01
1.010614e+01  5.869515e+01
1.010486e+01  5.769515e+01
1.010402e+01  5.669515e+01
1.010369e+01  5.569515e+01
1.010397e+01  5.469515e+01
1.010497e+01  5.369515e+01
1.010681e+01  5.269515e+01
1.010966e+01  5.169515e+01
1.011373e+01  5.069515e+01
1.011927e+01  4.969515e+01
1.012659e+01  4.869515e+01
1.013612e+01  4.769515e+01
1.014837e+01  4.669515e+01
1.016400e+01  4.569515e+01
1.018384e+01  4.469515e+01
1.020892e+01  4.369515e+01
1.024042e+01  4.269515e+01
1.027952e+01  4.169515e+01
1.032708e+01  4.069515e+01
1.038307e+01  3.969515e+01
1.044601e+01  3.869515e+01
1.051312e+01  3.769515e+01
1.058120e+01  3.669515e+01
1.064769e+01  3.569515e+01
1.071111e+01  3.469515e+01
1.077094e+01  3.369515e+01
1.082723e+01  3.269515e+01
1.088035e+01  3.169515e+01
1.093081e+01  3.069515e+01
1.097915e+01  2.969515e+01
1.102595e+01  2.869515e+01
1.107181e+01  2.769515e+01
1.111740e+01  2.669515e+01
1.116357e+01  2.569515e+01
1.121150e+01  2.469515e+01
1.126329e+01  2.369515e+01
1.132372e+01  2.269515e+01
1.141795e+01  2.169515e+01
1.099923e+01  1.936952e+02
1.101810e+01  1.926952e+02
1.103397e+01  1.916952e+02
1.104796e+01  1.906952e+02
1.106062e+01  1.896952e+02
1.107229e+01  1.886952e+02
1.108317e+01  1.876952e+02
1.109341e+01  1.866952e+02
1.110312e+01  1.856952e+02
1.111238e+01  1.846952e+02
1.112125e+01  1.836952e+02
1.112978e+01  1.826952e+02
1.113801e+01  1.816952e+02
1.114597e+01  1.806952e+02
1.115370e+01  1.796952e+02
1.116121e+01  1.786952e+02
1.116853e+01  1.776952e+02
1.117567e+01  1.766952e+02
1.118264e+01  1.756952e+02
1.118946e+01  1.746952e+02
1.119615e+01  1.736952e+02
1.120270e+01  1.726952e+02
1.120914e+01  1.716952e+02
1.121546e+01  1.706952e+02
1.122168e+01  1.696952e+02
1.122780e+01  1.686952e+02
1.123383e+01  1.676952e+02
1.123977e+01  1.666952e+02
1.124563e+01  1.656952e+02
1.125142e+01  1.646952e+02
1.125713e+01  1.636952e+02
1.126277e+01  1.626952e+02
1.126835e+01  1.616952e+02
1.127387e+01  1.606952e+02
1.127933e+01  1.596952e+02
1.128474e+01  1.586952e+02
1.129009e+01  1.576952e+02
1.129539e+01  1.566952e+02
1.130065e+01  1.556952e+02
1.130586e+01  1.546952e+02
1.131102e+01  1.536952e+02
1.131615e+01  1.526952e+02
1.132123e+01  1.516952e+02
1.132628e+01  1.506952e+02
1.133129e+01  1.496952e+02
1.133627e+01  1.486952e+02
1.134122e+01  1.476952e+02
1.134613e+01  1.466952e+02
1.135102e+01  1.456952e+02
1.135588e+01  1.446952e+02
1.136071e+01  1.436952e+02
1.136551e+01  1.426952e+02
1.137029e+01  1.416952e+02
1.137505e+01  1.406952e+02
1.137978e+01  1.396952e+02
1.138450e+01  1.386952e+02
1.138919e+01  1.376952e+02
1.139386e+01  1.366952e+02
1.139852e+01  1.356952e+02
1.140316e+01  1.346952e+02
1.140778e+01  1.336952e+02
1.141238e+01  1.326952e+02
1.141698e+01  1.316952e+02
1.142155e+01  1.306952e+02
1.142612e+01  1.296952e+02
1.143067e+01  1.286952e+02
1.143521e+01  1.276952e+02
1.143974e+01  1.266952e+02
1.144426e+01  1.256952e+02
1.144877e+01  1.246952e+02
1.145327e+01  1.236952e+02
1.145776e+01  1.226952e+02
1.146225e+01  1.216952e+02
1.146673e+01  1.206952e+02
1.147120e+01  1.196952e+02
1.147567e+01  1.186952e+02
1.148013e+01  1.176952e+02
1.148459e+01  1.166952e+02
1.148905e+01  1.156952e+02
1.149350e+01  1.146952e+02
1.149795e+01  1.136952e+02
1.150240e+01  1.126952e+02
1.150685e+01  1.116952e+02
1.151130e+01  1.106952e+02
1.151575e+01  1.096952e+02
1.152020e+01  1.086952e+02
1.152465e+01  1.076952e+02
1.152910e+01  1.066952e+02
1.153356e+01  1.056952e+02
1.153802e+01  1.046952e+02
1.154248e+01  1.036952e+02
1.154695e+01  1.026952e+02
1.155143e+01  1.016952e+02
1.155591e+01  1.006952e+02
1.156039e+01  9.969515e+01
1.156488e+01  9.869515e+01
1.156938e+01  9.769515e+01
1.157389e+01  9.669515e+01
1.157841e+01  9.569515e+01
1.158294e+01  9.469515e+01
1.158748e+01  9.369515e+01
1.159203e+01  9.269515e+01
1.159659e+01  9.169515e+01
1.160117e+01  9.069515e+01
1.160576e+01  8.969515e+01
1.161036e+01  8.869515e+01
1.161498e+01  8.769515e+01
1.161961e+01  8.669515e+01
1.162426e+01  8.569515e+01
1.162893e+01  8.469515e+01
1.163362e+01  8.369515e+01
1.163832e+01  8.269515e+01
1.164305e+01  8.169515e+01
1.164780e+01  8.069515e+01
1.165257e+01  7.969515e+01
1.165736e+01  7.869515e+01
1.166218e+01  7.769515e+01
1.166702e+01  7.669515e+01
1.167189e+01  7.569515e+01
1.167679e+01  7.469515e+01
1.168171e+01  7.369515e+01
1.168667e+01  7.269515e+01
1.169166e+01  7.169515e+01
1.169668e+01  7.069515e+01
1.170174e+01  6.969515e+01
1.170683e+01  6.869515e+01
1.171196e+01  6.769515e+01
1.171713e+01  6.669515e+01
1.172234e+01  6.569515e+01
1.172759e+01  6.469515e+01
1.173289e+01  6.369515e+01
1.173824e+01  6.269515e+01
1.174363e+01  6.169515e+01
1.174908e+01  6.069515e+01
1.175458e+01  5.969515e+01
1.176014e+01  5.869515e+01
1.176576e+01  5.769515e+01
1.177145e+01  5.669515e+01
1.177719e+01  5.569515e+01
1.178301e+01  5.469515e+01
1.178890e+01  5.369515e+01
1.179487e+01  5.269515e+01
1.180092e+01  5.169515e+01
1.180706e+01  5.069515e+01
1.181329e+01  4.969515e+01
1.181962e+01  4.869515e+01
1.182605e+01  4.769515e+01
1.183259e+01  4.669515e+01
1.183925e+01  4.569515e+01
1.184603e+01  4.469515e+01
1.185295e+01  4.369515e+01
1.186002e+01  4.269515e+01
1.186724e+01  4.169515e+01
1.187463e+01  4.069515e+01
1.188220e+01  3.969515e+01
1.188997e+01  3.869515e+01
1.189797e+01  3.769515e+01
1.190620e+01  3.669515e+01
1.191470e+01  3.569515e+01
1.192350e+01  3.469515e+01
1.193263e+01  3.369515e+01
1.194213e+01  3.269515e+01
1.195207e+01  3.169515e+01
1.196251e+01  3.069515e+01
1.197354e+01  2.969515e+01
1.198526e+01  2.869515e+01
1.199785e+01  2.769515e+01
1.201152e+01  2.669515e+01
1.202662e+01  2.569515e+01
1.204373e+01  2.469515e+01
1.206391e+01  2.369515e+01
1.208983e+01  2.269515e+01
1.213558e+01  2.169515e+01
1.291933e+01  7.580854e+01
1.289707e+01  7.480854e+01
1.287739e+01  7.380854e+01
1.285949e+01  7.280854e+01
1.284293e+01  7.180854e+01
1.282741e+01  7.080854e+01
1.281273e+01  6.980854e+01
1.279872e+01  6.880854e+01
1.278530e+01  6.780854e+01
1.277235e+01  6.680854e+01
1.275983e+01  6.580854e+01
1.274766e+01  6.480854e+01
1.273581e+01  6.380854e+01
1.272424e+01  6.280854e+01
1.271290e+01  6.180854e+01
1.270177e+01  6.080854e+01
1.269083e+01  5.980854e+01
1.268005e+01  5.880854e+01
1.266942e+01  5.780854e+01
1.265891e+01  5.680854e+01
1.264850e+01  5.580854e+01
1.263819e+01  5.480854e+01
1.262796e+01  5.380854e+01
1.261779e+01  5.280854e+01
1.260767e+01  5.180854e+01
1.259758e+01  5.080854e+01
1.258753e+01  4.980854e+01
1.257748e+01  4.880854e+01
1.256744e+01  4.780854e+01
1.255739e+01  4.680854e+01
1.254731e+01  4.580854e+01
1.253720e+01  4.480854e+01
1.252704e+01  4.380854e+01
1.251681e+01  4.280854e+01
1.250651e+01  4.180854e+01
1.249611e+01  4.080854e+01
1.248560e+01  3.980854e+01
1.247496e+01  3.880854e+01
1.246416e+01  3.780854e+01
1.245319e+01  3.680854e+01
1.244202e+01  3.580854e+01
1.243061e+01  3.480854e+01
1.241892e+01  3.380854e+01
1.240692e+01  3.280854e+01
1.239454e+01  3.180854e+01
1.238171e+01  3.080854e+01
1.236836e+01  2.980854e+01
1.235437e+01  2.880854e+01
1.233958e+01  2.780854e+01
1.232378e+01  2.680854e+01
1.230664e+01  2.580854e+01
1.228762e+01  2.480854e+01
1.226573e+01  2.380854e+01
1.223860e+01  2.280854e+01
1.219589e+01  2.180854e+01
1.319769e+01  7.580854e+01
1.322073e+01  7.480854e+01
1.324120e+01  7.380854e+01
1.325990e+01  7.280854e+01
1.327727e+01  7.180854e+01
1.329362e+01  7.080854e+01
1.330915e+01  6.980854e+01
1.332401e+01  6.880854e+01
1.333830e+01  6.780854e+01
1.335213e+01  6.680854e+01
1.336556e+01  6.580854e+01
1.337864e+01  6.480854e+01
1.339142e+01  6.380854e+01
1.340395e+01  6.280854e+01
1.341626e+01  6.180854e+01
1.342837e+01  6.080854e+01
1.344032e+01  5.980854e+01
1.345213e+01  5.880854e+01
1.346381e+01  5.780854e+01
1.347539e+01  5.680854e+01
1.348689e+01  5.580854e+01
1.349832e+01  5.480854e+01
1.350971e+01  5.380854e+01
1.352105e+01  5.280854e+01
1.353238e+01  5.180854e+01
1.354369e+01  5.080854e+01
1.355501e+01  4.980854e+01
1.356636e+01  4.880854e+01
1.357774e+01  4.780854e+01
1.358917e+01  4.680854e+01
1.360066e+01  4.580854e+01
1.361223e+01  4.480854e+01
1.362390e+01  4.380854e+01
1.363569e+01  4.280854e+01
1.364760e+01  4.180854e+01
1.365967e+01  4.080854e+01
1.367192e+01  3.980854e+01
1.368437e+01  3.880854e+01
1.369705e+01  3.780854e+01
1.370998e+01  3.680854e+01
1.372322e+01  3.580854e+01
1.373680e+01  3.480854e+01
1.375077e+01  3.380854e+01
1.376519e+01  3.280854e+01
1.378014e+01  3.180854e+01
1.379570e+01  3.080854e+01
1.381201e+01  2.980854e+01
1.382920e+01  2.880854e+01
1.384750e+01  2.780854e+01
1.386720e+01  2.680854e+01
1.388876e+01  2.580854e+01
1.391290e+01  2.480854e+01
1.394101e+01  2.380854e+01
1.397634e+01  2.280854e+01
1.403325e+01  2.180854e+01
1.492926e+01  5.795258e+01
1.489236e+01  5.695258e+01
1.486127e+01  5.595258e+01
1.483376e+01  5.495258e+01
1.480869e+01  5.395258e+01
1.478543e+01  5.295258e+01
1.476355e+01  5.195258e+01
1.474275e+01  5.095258e+01
1.472283e+01  4.995258e+01
1.470363e+01  4.895258e+01
1.468501e+01  4.795258e+01
1.466687e+01  4.695258e+01
1.464914e+01  4.595258e+01
1.463173e+01  4.495258e+01
1.461458e+01  4.395258e+01
1.459763e+01  4.295258e+01
1.458084e+01  4.195258e+01
1.456415e+01  4.095258e+01
1.454752e+01  3.995258e+01
1.453091e+01  3.895258e+01
1.451426e+01  3.795258e+01
1.449753e+01  3.695258e+01
1.448067e+01  3.595258e+01
1.446362e+01  3.495258e+01
1.444633e+01  3.395258e+01
1.442872e+01  3.295258e+01
1.441072e+01  3.195258e+01
1.439222e+01  3.095258e+01
1.437311e+01  2.995258e+01
1.435322e+01  2.895258e+01
1.433236e+01  2.795258e+01
1.431024e+01  2.695258e+01
1.428642e+01  2.595258e+01
1.426023e+01  2.495258e+01
1.423040e+01  2.395258e+01
1.419412e+01  2.295258e+01
1.414085e+01  2.195258e+01
1.523987e+01  5.795258e+01
1.527951e+01  5.695258e+01
1.531341e+01  5.595258e+01
1.534381e+01  5.495258e+01
1.537184e+01  5.395258e+01
1.539815e+01  5.295258e+01
1.542317e+01  5.195258e+01
1.544720e+01  5.095258e+01
1.547046e+01  4.995258e+01
1.549311e+01  4.895258e+01
1.551528e+01  4.795258e+01
1.553710e+01  4.695258e+01
1.555865e+01  4.595258e+01
1.558002e+01  4.495258e+01
1.560128e+01  4.395258e+01
1.562250e+01  4.295258e+01
1.564374e+01  4.195258e+01
1.566508e+01  4.095258e+01
1.568658e+01  3.995258e+01
1.570830e+01  3.895258e+01
1.573032e+01  3.795258e+01
1.575271e+01  3.695258e+01
1.577555e+01  3.595258e+01
1.579896e+01  3.495258e+01
1.582302e+01  3.395258e+01
1.584788e+01  3.295258e+01
1.587370e+01  3.195258e+01
1.590067e+01  3.095258e+01
1.592903e+01  2.995258e+01
1.595912e+01  2.895258e+01
1.599139e+01  2.795258e+01
1.602645e+01  2.695258e+01
1.606527e+01  2.595258e+01
1.610941e+01  2.495258e+01
1.616179e+01  2.395258e+01
1.622911e+01  2.295258e+01
1.633739e+01  2.195258e+01
