1.083490e+01  1.876952e+02
1.081533e+01  1.866952e+02
1.079890e+01  1.856952e+02
1.078443e+01  1.846952e+02
1.077132e+01  1.836952e+02
1.075925e+01  1.826952e+02
1.074798e+01  1.816952e+02
1.073736e+01  1.806952e+02
1.072728e+01  1.796952e+02
1.071766e+01  1.786952e+02
1.070844e+01  1.776952e+02
1.069955e+01  1.766952e+02
1.069098e+01  1.756952e+02
1.068267e+01  1.746952e+02
1.067460e+01  1.736952e+02
1.066675e+01  1.726952e+02
1.065910e+01  1.716952e+02
1.065162e+01  1.706952e+02
1.064431e+01  1.696952e+02
1.063716e+01  1.686952e+02
1.063014e+01  1.676952e+02
1.062325e+01  1.666952e+02
1.061648e+01  1.656952e+02
1.060982e+01  1.646952e+02
1.060326e+01  1.636952e+02
1.059680e+01  1.626952e+02
1.059044e+01  1.616952e+02
1.058415e+01  1.606952e+02
1.057795e+01  1.596952e+02
1.057182e+01  1.586952e+02
1.056577e+01  1.576952e+02
1.055978e+01  1.566952e+02
1.055385e+01  1.556952e+02
1.054799e+01  1.546952e+02
1.054218e+01  1.536952e+02
1.053642e+01  1.526952e+02
1.053071e+01  1.516952e+02
1.052505e+01  1.506952e+02
1.051944e+01  1.496952e+02
1.051387e+01  1.486952e+02
1.050834e+01  1.476952e+02
1.050285e+01  1.466952e+02
1.049740e+01  1.456952e+02
1.049198e+01  1.446952e+02
1.048660e+01  1.436952e+02
1.048124e+01  1.426952e+02
1.047592e+01  1.416952e+02
1.047062e+01  1.406952e+02
1.046536e+01  1.396952e+02
1.046011e+01  1.386952e+02
1.045489e+01  1.376952e+02
1.044970e+01  1.366952e+02
1.044452e+01  1.356952e+02
1.043936e+01  1.346952e+02
1.043423e+01  1.336952e+02
1.042911e+01  1.326952e+02
1.042401e+01  1.316952e+02
1.041892e+01  1.306952e+02
1.041385e+01  1.296952e+02
1.040879e+01  1.286952e+02
1.040375e+01  1.276952e+02
1.039871e+01  1.266952e+02
1.039369e+01  1.256952e+02
1.038868e+01  1.246952e+02
1.038368e+01  1.236952e+02
1.037868e+01  1.226952e+02
1.037369e+01  1.216952e+02
1.036871e+01  1.206952e+02
1.036373e+01  1.196952e+02
1.035876e+01  1.186952e+02
1.035379e+01  1.176952e+02
1.034883e+01  1.166952e+02
1.034386e+01  1.156952e+02
1.033890e+01  1.146952e+02
1.033394e+01  1.136952e+02
1.032898e+01  1.126952e+02
1.032402e+01  1.116952e+02
1.031906e+01  1.106952e+02
1.031409e+01  1.096952e+02
1.030912e+01  1.086952e+02
1.030415e+01  1.076952e+02
1.029917e+01  1.066952e+02
1.029419e+01  1.056952e+02
1.028920e+01  1.046952e+02
1.028421e+01  1.036952e+02
1.027920e+01  1.026952e+02
1.027419e+01  1.016952e+02
1.026917e+01  1.006952e+02
1.026414e+01  9.969515e+01
1.025910e+01  9.869515e+01
1.025404e+01  9.769515e+01
1.024897e+01  9.669515e+01
1.024389e+01  9.569515e+01
1.023880e+01  9.469515e+01
1.023369e+01  9.369515e+01
1.022856e+01  9.269515e+01
1.022342e+01  9.169515e+01
1.021825e+01  9.069515e+01
1.021307e+01  8.969515e+01
1.020787e+01  8.869515e+01
1.020265e+01  8.769515e+01
1.019741e+01  8.669515e+01
1.019214e+01  8.569515e+01
1.018685e+01  8.469515e+01
1.018153e+01  8.369515e+01
1.017619e+01  8.269515e+01
1.017081e+01  8.169515e+01
1.016541e+01  8.069515e+01
1.015998e+01  7.969515e+01
1.015452e+01  7.869515e+01
1.014903e+01  7.769515e+01
1.014350e+01  7.669515e+01
1.013793e+01  7.569515e+01
1.013233e+01  7.469515e+01
1.012669e+01  7.369515e+01
1.012100e+01  7.269515e+01
1.011528e+01  7.169515e+01
1.010951e+01  7.069515e+01
1.010369e+01  6.969515e+01
1.009783e+01  6.869515e+01
1.009191e+01  6.769515e+01
1.008594e+01  6.669515e+01
1.007992e+01  6.569515e+01
1.007384e+01  6.469515e+01
1.006770e+01  6.369515e+01
1.006149e+01  6.269515e+01
1.005522e+01  6.169515e+01
1.004888e+01  6.069515e+01
1.004247e+01  5.969515e+01
1.003598e+01  5.869515e+01
1.002941e+01  5.769515e+01
1.002276e+01  5.669515e+01
1.001602e+01  5.569515e+01
1.000918e+01  5.469515e+01
1.000225e+01  5.369515e+01
9.995213e+00  5.269515e+01
9.988068e+00  5.169515e+01
9.980806e+00  5.069515e+01
9.973422e+00  4.969515e+01
9.965907e+00  4.869515e+01
9.958254e+00  4.769515e+01
9.950453e+00  4.669515e+01
9.942494e+00  4.569515e+01
9.934366e+00  4.469515e+01
9.926057e+00  4.369515e+01
9.917553e+00  4.269515e+01
9.908839e+00  4.169515e+01
9.899896e+00  4.069515e+01
9.890706e+00  3.969515e+01
9.881245e+00  3.869515e+01
9.871488e+00  3.769515e+01
9.861405e+00  3.669515e+01
9.850959e+00  3.569515e+01
9.840110e+00  3.469515e+01
9.828807e+00  3.369515e+01
9.816989e+00  3.269515e+01
9.804581e+00  3.169515e+01
9.791489e+00  3.069515e+01
9.777590e+00  2.969515e+01
9.762724e+00  2.869515e+01
9.746671e+00  2.769515e+01
9.729114e+00  2.669515e+01
9.709572e+00  2.569515e+01
9.687241e+00  2.469515e+01
9.660593e+00  2.369515e+01
9.625879e+00  2.269515e+01
9.563081e+00  2.169515e+01
1.099628e+01  1.876952e+02
1.101563e+01  1.866952e+02
1.103184e+01  1.856952e+02
1.104610e+01  1.846952e+02
1.105898e+01  1.836952e+02
1.107083e+01  1.826952e+02
1.108188e+01  1.816952e+02
1.109227e+01  1.806952e+02
1.110212e+01  1.796952e+02
1.111151e+01  1.786952e+02
1.112051e+01  1.776952e+02
1.112916e+01  1.766952e+02
1.113750e+01  1.756952e+02
1.114558e+01  1.746952e+02
1.115341e+01  1.736952e+02
1.116102e+01  1.726952e+02
1.116844e+01  1.716952e+02
1.117567e+01  1.706952e+02
1.118274e+01  1.696952e+02
1.118965e+01  1.686952e+02
1.119643e+01  1.676952e+02
1.120307e+01  1.666952e+02
1.120959e+01  1.656952e+02
1.121600e+01  1.646952e+02
1.122230e+01  1.636952e+02
1.122851e+01  1.626952e+02
1.123462e+01  1.616952e+02
1.124064e+01  1.606952e+02
1.124659e+01  1.596952e+02
1.125245e+01  1.586952e+02
1.125824e+01  1.576952e+02
1.126397e+01  1.566952e+02
1.126963e+01  1.556952e+02
1.127522e+01  1.546952e+02
1.128076e+01  1.536952e+02
1.128625e+01  1.526952e+02
1.129168e+01  1.516952e+02
1.129706e+01  1.506952e+02
1.130239e+01  1.496952e+02
1.130768e+01  1.486952e+02
1.131292e+01  1.476952e+02
1.131813e+01  1.466952e+02
1.132329e+01  1.456952e+02
1.132842e+01  1.446952e+02
1.133351e+01  1.436952e+02
1.133857e+01  1.426952e+02
1.134360e+01  1.416952e+02
1.134859e+01  1.406952e+02
1.135356e+01  1.396952e+02
1.135849e+01  1.386952e+02
1.136341e+01  1.376952e+02
1.136829e+01  1.366952e+02
1.137315e+01  1.356952e+02
1.137799e+01  1.346952e+02
1.138281e+01  1.336952e+02
1.138761e+01  1.326952e+02
1.139239e+01  1.316952e+02
1.139714e+01  1.306952e+02
1.140189e+01  1.296952e+02
1.140661e+01  1.286952e+02
1.141132e+01  1.276952e+02
1.141601e+01  1.266952e+02
1.142069e+01  1.256952e+02
1.142536e+01  1.246952e+02
1.143002e+01  1.236952e+02
1.143466e+01  1.226952e+02
1.143929e+01  1.216952e+02
1.144391e+01  1.206952e+02
1.144853e+01  1.196952e+02
1.145313e+01  1.186952e+02
1.145773e+01  1.176952e+02
1.146232e+01  1.166952e+02
1.146691e+01  1.156952e+02
1.147149e+01  1.146952e+02
1.147606e+01  1.136952e+02
1.148064e+01  1.126952e+02
1.148520e+01  1.116952e+02
1.148977e+01  1.106952e+02
1.149433e+01  1.096952e+02
1.149890e+01  1.086952e+02
1.150346e+01  1.076952e+02
1.150802e+01  1.066952e+02
1.151258e+01  1.056952e+02
1.151715e+01  1.046952e+02
1.152171e+01  1.036952e+02
1.152628e+01  1.026952e+02
1.153085e+01  1.016952e+02
1.153543e+01  1.006952e+02
1.154001e+01  9.969515e+01
1.154460e+01  9.869515e+01
1.154919e+01  9.769515e+01
1.155379e+01  9.669515e+01
1.155840e+01  9.569515e+01
1.156302e+01  9.469515e+01
1.156764e+01  9.369515e+01
1.157228e+01  9.269515e+01
1.157692e+01  9.169515e+01
1.158158e+01  9.069515e+01
1.158625e+01  8.969515e+01
1.159093e+01  8.869515e+01
1.159563e+01  8.769515e+01
1.160034e+01  8.669515e+01
1.160507e+01  8.569515e+01
1.160981e+01  8.469515e+01
1.161457e+01  8.369515e+01
1.161935e+01  8.269515e+01
1.162415e+01  8.169515e+01
1.162896e+01  8.069515e+01
1.163380e+01  7.969515e+01
1.163867e+01  7.869515e+01
1.164355e+01  7.769515e+01
1.164846e+01  7.669515e+01
1.165339e+01  7.569515e+01
1.165836e+01  7.469515e+01
1.166335e+01  7.369515e+01
1.166837e+01  7.269515e+01
1.167342e+01  7.169515e+01
1.167850e+01  7.069515e+01
1.168361e+01  6.969515e+01
1.168877e+01  6.869515e+01
1.169395e+01  6.769515e+01
1.169918e+01  6.669515e+01
1.170445e+01  6.569515e+01
1.170976e+01  6.469515e+01
1.171511e+01  6.369515e+01
1.172051e+01  6.269515e+01
1.172596e+01  6.169515e+01
1.173146e+01  6.069515e+01
1.173702e+01  5.969515e+01
1.174263e+01  5.869515e+01
1.174830e+01  5.769515e+01
1.175403e+01  5.669515e+01
1.175983e+01  5.569515e+01
1.176569e+01  5.469515e+01
1.177163e+01  5.369515e+01
1.177765e+01  5.269515e+01
1.178375e+01  5.169515e+01
1.178993e+01  5.069515e+01
1.179620e+01  4.969515e+01
1.180257e+01  4.869515e+01
1.180905e+01  4.769515e+01
1.181563e+01  4.669515e+01
1.182233e+01  4.569515e+01
1.182916e+01  4.469515e+01
1.183612e+01  4.369515e+01
1.184322e+01  4.269515e+01
1.185048e+01  4.169515e+01
1.185791e+01  4.069515e+01
1.186552e+01  3.969515e+01
1.187333e+01  3.869515e+01
1.188136e+01  3.769515e+01
1.188962e+01  3.669515e+01
1.189816e+01  3.569515e+01
1.190699e+01  3.469515e+01
1.191615e+01  3.369515e+01
1.192569e+01  3.269515e+01
1.193565e+01  3.169515e+01
1.194612e+01  3.069515e+01
1.195717e+01  2.969515e+01
1.196892e+01  2.869515e+01
1.198153e+01  2.769515e+01
1.199522e+01  2.669515e+01
1.201034e+01  2.569515e+01
1.202744e+01  2.469515e+01
1.204763e+01  2.369515e+01
1.207353e+01  2.269515e+01
1.211921e+01  2.169515e+01
1.295517e+01  7.980853e+01
1.292668e+01  7.880853e+01
1.290335e+01  7.780853e+01
1.288302e+01  7.680853e+01
1.286471e+01  7.580853e+01
1.284789e+01  7.480853e+01
1.283219e+01  7.380853e+01
1.281739e+01  7.280853e+01
1.280333e+01  7.180853e+01
1.278988e+01  7.080853e+01
1.277694e+01  6.980853e+01
1.276444e+01  6.880853e+01
1.275233e+01  6.780853e+01
1.274055e+01  6.680853e+01
1.272905e+01  6.580853e+01
1.271782e+01  6.480853e+01
1.270681e+01  6.380853e+01
1.269599e+01  6.280853e+01
1.268536e+01  6.180853e+01
1.267487e+01  6.080853e+01
1.266453e+01  5.980853e+01
1.265430e+01  5.880853e+01
1.264418e+01  5.780853e+01
1.263415e+01  5.680853e+01
1.262420e+01  5.580853e+01
1.261431e+01  5.480853e+01
1.260447e+01  5.380853e+01
1.259468e+01  5.280853e+01
1.258491e+01  5.180853e+01
1.257517e+01  5.080853e+01
1.256543e+01  4.980853e+01
1.255569e+01  4.880853e+01
1.254594e+01  4.780853e+01
1.253616e+01  4.680853e+01
1.252635e+01  4.580853e+01
1.251649e+01  4.480853e+01
1.250657e+01  4.380853e+01
1.249657e+01  4.280853e+01
1.248649e+01  4.180853e+01
1.247631e+01  4.080853e+01
1.246601e+01  3.980853e+01
1.245557e+01  3.880853e+01
1.244497e+01  3.780853e+01
1.243418e+01  3.680853e+01
1.242319e+01  3.580853e+01
1.241196e+01  3.480853e+01
1.240044e+01  3.380853e+01
1.238860e+01  3.280853e+01
1.237638e+01  3.180853e+01
1.236372e+01  3.080853e+01
1.235053e+01  2.980853e+01
1.233669e+01  2.880853e+01
1.232205e+01  2.780853e+01
1.230639e+01  2.680853e+01
1.228940e+01  2.580853e+01
1.227053e+01  2.480853e+01
1.224879e+01  2.380853e+01
1.222183e+01  2.280853e+01
1.217932e+01  2.180853e+01
1.315366e+01  7.980853e+01
1.318288e+01  7.880853e+01
1.320696e+01  7.780853e+01
1.322804e+01  7.680853e+01
1.324710e+01  7.580853e+01
1.326471e+01  7.480853e+01
1.328119e+01  7.380853e+01
1.329679e+01  7.280853e+01
1.331166e+01  7.180853e+01
1.332594e+01  7.080853e+01
1.333972e+01  6.980853e+01
1.335306e+01  6.880853e+01
1.336604e+01  6.780853e+01
1.337871e+01  6.680853e+01
1.339110e+01  6.580853e+01
1.340325e+01  6.480853e+01
1.341519e+01  6.380853e+01
1.342695e+01  6.280853e+01
1.343855e+01  6.180853e+01
1.345002e+01  6.080853e+01
1.346137e+01  5.980853e+01
1.347262e+01  5.880853e+01
1.348379e+01  5.780853e+01
1.349489e+01  5.680853e+01
1.350594e+01  5.580853e+01
1.351695e+01  5.480853e+01
1.352793e+01  5.380853e+01
1.353890e+01  5.280853e+01
1.354987e+01  5.180853e+01
1.356085e+01  5.080853e+01
1.357185e+01  4.980853e+01
1.358289e+01  4.880853e+01
1.359398e+01  4.780853e+01
1.360513e+01  4.680853e+01
1.361636e+01  4.580853e+01
1.362768e+01  4.480853e+01
1.363911e+01  4.380853e+01
1.365066e+01  4.280853e+01
1.366235e+01  4.180853e+01
1.367421e+01  4.080853e+01
1.368625e+01  3.980853e+01
1.369850e+01  3.880853e+01
1.371099e+01  3.780853e+01
1.372374e+01  3.680853e+01
1.373680e+01  3.580853e+01
1.375021e+01  3.480853e+01
1.376401e+01  3.380853e+01
1.377827e+01  3.280853e+01
1.379307e+01  3.180853e+01
1.380849e+01  3.080853e+01
1.382465e+01  2.980853e+01
1.384171e+01  2.880853e+01
1.385988e+01  2.780853e+01
1.387945e+01  2.680853e+01
1.390088e+01  2.580853e+01
1.392491e+01  2.480853e+01
1.395291e+01  2.380853e+01
1.398814e+01  2.280853e+01
1.404498e+01  2.180853e+01
1.500719e+01  5.795258e+01
1.494657e+01  5.695258e+01
1.490547e+01  5.595258e+01
1.487199e+01  5.495258e+01
1.484284e+01  5.395258e+01
1.481655e+01  5.295258e+01
1.479231e+01  5.195258e+01
1.476961e+01  5.095258e+01
1.474811e+01  4.995258e+01
1.472757e+01  4.895258e+01
1.470779e+01  4.795258e+01
1.468865e+01  4.695258e+01
1.467003e+01  4.595258e+01
1.465182e+01  4.495258e+01
1.463396e+01  4.395258e+01
1.461637e+01  4.295258e+01
1.459899e+01  4.195258e+01
1.458177e+01  4.095258e+01
1.456464e+01  3.995258e+01
1.454757e+01  3.895258e+01
1.453050e+01  3.795258e+01
1.451337e+01  3.695258e+01
1.449614e+01  3.595258e+01
1.447874e+01  3.495258e+01
1.446112e+01  3.395258e+01
1.444321e+01  3.295258e+01
1.442491e+01  3.195258e+01
1.440614e+01  3.095258e+01
1.438676e+01  2.995258e+01
1.436663e+01  2.895258e+01
1.434553e+01  2.795258e+01
1.432318e+01  2.695258e+01
1.429914e+01  2.595258e+01
1.427273e+01  2.495258e+01
1.424270e+01  2.395258e+01
1.420621e+01  2.295258e+01
1.415273e+01  2.195258e+01
1.515867e+01  5.795258e+01
1.522200e+01  5.695258e+01
1.526587e+01  5.595258e+01
1.530221e+01  5.495258e+01
1.533429e+01  5.395258e+01
1.536359e+01  5.295258e+01
1.539093e+01  5.195258e+01
1.541683e+01  5.095258e+01
1.544162e+01  4.995258e+01
1.546557e+01  4.895258e+01
1.548885e+01  4.795258e+01
1.551163e+01  4.695258e+01
1.553402e+01  4.595258e+01
1.555612e+01  4.495258e+01
1.557804e+01  4.395258e+01
1.559984e+01  4.295258e+01
1.562161e+01  4.195258e+01
1.564342e+01  4.095258e+01
1.566534e+01  3.995258e+01
1.568745e+01  3.895258e+01
1.570981e+01  3.795258e+01
1.573250e+01  3.695258e+01
1.575562e+01  3.595258e+01
1.577927e+01  3.495258e+01
1.580355e+01  3.395258e+01
1.582859e+01  3.295258e+01
1.585456e+01  3.195258e+01
1.588164e+01  3.095258e+01
1.591010e+01  2.995258e+01
1.594023e+01  2.895258e+01
1.597250e+01  2.795258e+01
1.600751e+01  2.695258e+01
1.604620e+01  2.595258e+01
1.609012e+01  2.495258e+01
1.614211e+01  2.395258e+01
1.620871e+01  2.295258e+01
1.631529e+01  2.195258e+01
1.087791e+01  1.856952e+02
1.085399e+01  1.846952e+02
1.083559e+01  1.836952e+02
1.082005e+01  1.826952e+02
1.080633e+01  1.816952e+02
1.079390e+01  1.806952e+02
1.078244e+01  1.796952e+02
1.077175e+01  1.786952e+02
1.076168e+01  1.776952e+02
1.075214e+01  1.766952e+02
1.074305e+01  1.756952e+02
1.073434e+01  1.746952e+02
1.072597e+01  1.736952e+02
1.071789e+01  1.726952e+02
1.071008e+01  1.716952e+02
1.070251e+01  1.706952e+02
1.069516e+01  1.696952e+02
1.068801e+01  1.686952e+02
1.068104e+01  1.676952e+02
1.067423e+01  1.666952e+02
1.066758e+01  1.656952e+02
1.066107e+01  1.646952e+02
1.065469e+01  1.636952e+02
1.064844e+01  1.626952e+02
1.064230e+01  1.616952e+02
1.063628e+01  1.606952e+02
1.063036e+01  1.596952e+02
1.062453e+01  1.586952e+02
1.061880e+01  1.576952e+02
1.061315e+01  1.566952e+02
1.060759e+01  1.556952e+02
1.060211e+01  1.546952e+02
1.059670e+01  1.536952e+02
1.059137e+01  1.526952e+02
1.058610e+01  1.516952e+02
1.058090e+01  1.506952e+02
1.057577e+01  1.496952e+02
1.057070e+01  1.486952e+02
1.056568e+01  1.476952e+02
1.056073e+01  1.466952e+02
1.055583e+01  1.456952e+02
1.055098e+01  1.446952e+02
1.054619e+01  1.436952e+02
1.054144e+01  1.426952e+02
1.053675e+01  1.416952e+02
1.053210e+01  1.406952e+02
1.052751e+01  1.396952e+02
1.052295e+01  1.386952e+02
1.051845e+01  1.376952e+02
1.051398e+01  1.366952e+02
1.050956e+01  1.356952e+02
1.050519e+01  1.346952e+02
1.050086e+01  1.336952e+02
1.049656e+01  1.326952e+02
1.049231e+01  1.316952e+02
1.048810e+01  1.306952e+02
1.048394e+01  1.296952e+02
1.047981e+01  1.286952e+02
1.047572e+01  1.276952e+02
1.047168e+01  1.266952e+02
1.046767e+01  1.256952e+02
1.046371e+01  1.246952e+02
1.045978e+01  1.236952e+02
1.045590e+01  1.226952e+02
1.045206e+01  1.216952e+02
1.044826e+01  1.206952e+02
1.044451e+01  1.196952e+02
1.044080e+01  1.186952e+02
1.043713e+01  1.176952e+02
1.043351e+01  1.166952e+02
1.042993e+01  1.156952e+02
1.042640e+01  1.146952e+02
1.042292e+01  1.136952e+02
1.041949e+01  1.126952e+02
1.041611e+01  1.116952e+02
1.041279e+01  1.106952e+02
1.040952e+01  1.096952e+02
1.040630e+01  1.086952e+02
1.040315e+01  1.076952e+02
1.040005e+01  1.066952e+02
1.039702e+01  1.056952e+02
1.039406e+01  1.046952e+02
1.039116e+01  1.036952e+02
1.038834e+01  1.026952e+02
1.038559e+01  1.016952e+02
1.038293e+01  1.006952e+02
1.038035e+01  9.969515e+01
1.037785e+01  9.869515e+01
1.037546e+01  9.769515e+01
1.037316e+01  9.669515e+01
1.037096e+01  9.569515e+01
1.036888e+01  9.469515e+01
1.036691e+01  9.369515e+01
1.036507e+01  9.269515e+01
1.036337e+01  9.169515e+01
1.036180e+01  9.069515e+01
1.036039e+01  8.969515e+01
1.035914e+01  8.869515e+01
1.035807e+01  8.769515e+01
1.035718e+01  8.669515e+01
1.035649e+01  8.569515e+01
1.035602e+01  8.469515e+01
1.035578e+01  8.369515e+01
1.035579e+01  8.269515e+01
1.035607e+01  8.169515e+01
1.035664e+01  8.069515e+01
1.035753e+01  7.969515e+01
1.035876e+01  7.869515e+01
1.036036e+01  7.769515e+01
1.036236e+01  7.669515e+01
1.036479e+01  7.569515e+01
1.036770e+01  7.469515e+01
1.037112e+01  7.369515e+01
1.037509e+01  7.269515e+01
1.037967e+01  7.169515e+01
1.038491e+01  7.069515e+01
1.039086e+01  6.969515e+01
1.039757e+01  6.869515e+01
1.040512e+01  6.769515e+01
1.041356e+01  6.669515e+01
1.042295e+01  6.569515e+01
1.043336e+01  6.469515e+01
1.044485e+01  6.369515e+01
1.045746e+01  6.269515e+01
1.047125e+01  6.169515e+01
1.048623e+01  6.069515e+01
1.050242e+01  5.969515e+01
1.051982e+01  5.869515e+01
1.053839e+01  5.769515e+01
1.055808e+01  5.669515e+01
1.057881e+01  5.569515e+01
1.060048e+01  5.469515e+01
1.062298e+01  5.369515e+01
1.064617e+01  5.269515e+01
1.066994e+01  5.169515e+01
1.069414e+01  5.069515e+01
1.071865e+01  4.969515e+01
1.074338e+01  4.869515e+01
1.076821e+01  4.769515e+01
1.079307e+01  4.669515e+01
1.081790e+01  4.569515e+01
1.084264e+01  4.469515e+01
1.086727e+01  4.369515e+01
1.089176e+01  4.269515e+01
1.091611e+01  4.169515e+01
1.094031e+01  4.069515e+01
1.096438e+01  3.969515e+01
1.098834e+01  3.869515e+01
1.101221e+01  3.769515e+01
1.103604e+01  3.669515e+01
1.105987e+01  3.569515e+01
1.108374e+01  3.469515e+01
1.110773e+01  3.369515e+01
1.113190e+01  3.269515e+01
1.115635e+01  3.169515e+01
1.118120e+01  3.069515e+01
1.120657e+01  2.969515e+01
1.123265e+01  2.869515e+01
1.125969e+01  2.769515e+01
1.128803e+01  2.669515e+01
1.131818e+01  2.569515e+01
1.135102e+01  2.469515e+01
1.138815e+01  2.369515e+01
1.143355e+01  2.269515e+01
1.150834e+01  2.169515e+01
1.099328e+01  1.856952e+02
1.101731e+01  1.846952e+02
1.103581e+01  1.836952e+02
1.105146e+01  1.826952e+02
1.106530e+01  1.816952e+02
1.107785e+01  1.806952e+02
1.108943e+01  1.796952e+02
1.110025e+01  1.786952e+02
1.111045e+01  1.776952e+02
1.112012e+01  1.766952e+02
1.112936e+01  1.756952e+02
1.113822e+01  1.746952e+02
1.114674e+01  1.736952e+02
1.115497e+01  1.726952e+02
1.116294e+01  1.716952e+02
1.117067e+01  1.706952e+02
1.117820e+01  1.696952e+02
1.118553e+01  1.686952e+02
1.119269e+01  1.676952e+02
1.119969e+01  1.666952e+02
1.120653e+01  1.656952e+02
1.121325e+01  1.646952e+02
1.121983e+01  1.636952e+02
1.122630e+01  1.626952e+02
1.123266e+01  1.616952e+02
1.123892e+01  1.606952e+02
1.124508e+01  1.596952e+02
1.125115e+01  1.586952e+02
1.125714e+01  1.576952e+02
1.126304e+01  1.566952e+02
1.126888e+01  1.556952e+02
1.127464e+01  1.546952e+02
1.128034e+01  1.536952e+02
1.128597e+01  1.526952e+02
1.129154e+01  1.516952e+02
1.129706e+01  1.506952e+02
1.130252e+01  1.496952e+02
1.130793e+01  1.486952e+02
1.131330e+01  1.476952e+02
1.131861e+01  1.466952e+02
1.132389e+01  1.456952e+02
1.132912e+01  1.446952e+02
1.133431e+01  1.436952e+02
1.133947e+01  1.426952e+02
1.134459e+01  1.416952e+02
1.134967e+01  1.406952e+02
1.135472e+01  1.396952e+02
1.135975e+01  1.386952e+02
1.136474e+01  1.376952e+02
1.136970e+01  1.366952e+02
1.137464e+01  1.356952e+02
1.137955e+01  1.346952e+02
1.138444e+01  1.336952e+02
1.138931e+01  1.326952e+02
1.139415e+01  1.316952e+02
1.139897e+01  1.306952e+02
1.140378e+01  1.296952e+02
1.140856e+01  1.286952e+02
1.141333e+01  1.276952e+02
1.141808e+01  1.266952e+02
1.142282e+01  1.256952e+02
1.142754e+01  1.246952e+02
1.143225e+01  1.236952e+02
1.143694e+01  1.226952e+02
1.144162e+01  1.216952e+02
1.144630e+01  1.206952e+02
1.145096e+01  1.196952e+02
1.145561e+01  1.186952e+02
1.146025e+01  1.176952e+02
1.146489e+01  1.166952e+02
1.146952e+01  1.156952e+02
1.147414e+01  1.146952e+02
1.147875e+01  1.136952e+02
1.148337e+01  1.126952e+02
1.148797e+01  1.116952e+02
1.149258e+01  1.106952e+02
1.149718e+01  1.096952e+02
1.150178e+01  1.086952e+02
1.150637e+01  1.076952e+02
1.151097e+01  1.066952e+02
1.151557e+01  1.056952e+02
1.152017e+01  1.046952e+02
1.152477e+01  1.036952e+02
1.152937e+01  1.026952e+02
1.153397e+01  1.016952e+02
1.153858e+01  1.006952e+02
1.154319e+01  9.969515e+01
1.154781e+01  9.869515e+01
1.155243e+01  9.769515e+01
1.155706e+01  9.669515e+01
1.156170e+01  9.569515e+01
1.156634e+01  9.469515e+01
1.157099e+01  9.369515e+01
1.157566e+01  9.269515e+01
1.158033e+01  9.169515e+01
1.158501e+01  9.069515e+01
1.158971e+01  8.969515e+01
1.159441e+01  8.869515e+01
1.159914e+01  8.769515e+01
1.160387e+01  8.669515e+01
1.160862e+01  8.569515e+01
1.161339e+01  8.469515e+01
1.161817e+01  8.369515e+01
1.162297e+01  8.269515e+01
1.162779e+01  8.169515e+01
1.163263e+01  8.069515e+01
1.163749e+01  7.969515e+01
1.164238e+01  7.869515e+01
1.164728e+01  7.769515e+01
1.165221e+01  7.669515e+01
1.165717e+01  7.569515e+01
1.166215e+01  7.469515e+01
1.166716e+01  7.369515e+01
1.167220e+01  7.269515e+01
1.167727e+01  7.169515e+01
1.168237e+01  7.069515e+01
1.168751e+01  6.969515e+01
1.169268e+01  6.869515e+01
1.169788e+01  6.769515e+01
1.170313e+01  6.669515e+01
1.170842e+01  6.569515e+01
1.171374e+01  6.469515e+01
1.171912e+01  6.369515e+01
1.172453e+01  6.269515e+01
1.173000e+01  6.169515e+01
1.173552e+01  6.069515e+01
1.174109e+01  5.969515e+01
1.174672e+01  5.869515e+01
1.175240e+01  5.769515e+01
1.175815e+01  5.669515e+01
1.176397e+01  5.569515e+01
1.176985e+01  5.469515e+01
1.177580e+01  5.369515e+01
1.178184e+01  5.269515e+01
1.178795e+01  5.169515e+01
1.179415e+01  5.069515e+01
1.180044e+01  4.969515e+01
1.180682e+01  4.869515e+01
1.181331e+01  4.769515e+01
1.181991e+01  4.669515e+01
1.182663e+01  4.569515e+01
1.183347e+01  4.469515e+01
1.184044e+01  4.369515e+01
1.184756e+01  4.269515e+01
1.185484e+01  4.169515e+01
1.186228e+01  4.069515e+01
1.186991e+01  3.969515e+01
1.187773e+01  3.869515e+01
1.188577e+01  3.769515e+01
1.189406e+01  3.669515e+01
1.190260e+01  3.569515e+01
1.191145e+01  3.469515e+01
1.192063e+01  3.369515e+01
1.193018e+01  3.269515e+01
1.194016e+01  3.169515e+01
1.195064e+01  3.069515e+01
1.196171e+01  2.969515e+01
1.197348e+01  2.869515e+01
1.198610e+01  2.769515e+01
1.199981e+01  2.669515e+01
1.201494e+01  2.569515e+01
1.203207e+01  2.469515e+01
1.205228e+01  2.369515e+01
1.207820e+01  2.269515e+01
1.212392e+01  2.169515e+01
1.296791e+01  7.980853e+01
1.293710e+01  7.880853e+01
1.291257e+01  7.780853e+01
1.289150e+01  7.680853e+01
1.287267e+01  7.580853e+01
1.285545e+01  7.480853e+01
1.283944e+01  7.380853e+01
1.282439e+01  7.280853e+01
1.281012e+01  7.180853e+01
1.279649e+01  7.080853e+01
1.278340e+01  6.980853e+01
1.277078e+01  6.880853e+01
1.275855e+01  6.780853e+01
1.274666e+01  6.680853e+01
1.273508e+01  6.580853e+01
1.272376e+01  6.480853e+01
1.271267e+01  6.380853e+01
1.270179e+01  6.280853e+01
1.269109e+01  6.180853e+01
1.268055e+01  6.080853e+01
1.267015e+01  5.980853e+01
1.265987e+01  5.880853e+01
1.264971e+01  5.780853e+01
1.263963e+01  5.680853e+01
1.262964e+01  5.580853e+01
1.261972e+01  5.480853e+01
1.260984e+01  5.380853e+01
1.260002e+01  5.280853e+01
1.259022e+01  5.180853e+01
1.258045e+01  5.080853e+01
1.257068e+01  4.980853e+01
1.256091e+01  4.880853e+01
1.255114e+01  4.780853e+01
1.254134e+01  4.680853e+01
1.253150e+01  4.580853e+01
1.252162e+01  4.480853e+01
1.251168e+01  4.380853e+01
1.250167e+01  4.280853e+01
1.249157e+01  4.180853e+01
1.248137e+01  4.080853e+01
1.247105e+01  3.980853e+01
1.246060e+01  3.880853e+01
1.244998e+01  3.780853e+01
1.243918e+01  3.680853e+01
1.242817e+01  3.580853e+01
1.241692e+01  3.480853e+01
1.240540e+01  3.380853e+01
1.239354e+01  3.280853e+01
1.238131e+01  3.180853e+01
1.236864e+01  3.080853e+01
1.235543e+01  2.980853e+01
1.234157e+01  2.880853e+01
1.232692e+01  2.780853e+01
1.231126e+01  2.680853e+01
1.229425e+01  2.580853e+01
1.227537e+01  2.480853e+01
1.225361e+01  2.380853e+01
1.222663e+01  2.280853e+01
1.218409e+01  2.180853e+01
1.314668e+01  7.980853e+01
1.317823e+01  7.880853e+01
1.320350e+01  7.780853e+01
1.322533e+01  7.680853e+01
1.324493e+01  7.580853e+01
1.326293e+01  7.480853e+01
1.327973e+01  7.380853e+01
1.329558e+01  7.280853e+01
1.331067e+01  7.180853e+01
1.332513e+01  7.080853e+01
1.333906e+01  6.980853e+01
1.335254e+01  6.880853e+01
1.336564e+01  6.780853e+01
1.337841e+01  6.680853e+01
1.339090e+01  6.580853e+01
1.340314e+01  6.480853e+01
1.341516e+01  6.380853e+01
1.342699e+01  6.280853e+01
1.343866e+01  6.180853e+01
1.345019e+01  6.080853e+01
1.346160e+01  5.980853e+01
1.347291e+01  5.880853e+01
1.348412e+01  5.780853e+01
1.349527e+01  5.680853e+01
1.350636e+01  5.580853e+01
1.351741e+01  5.480853e+01
1.352843e+01  5.380853e+01
1.353944e+01  5.280853e+01
1.355044e+01  5.180853e+01
1.356145e+01  5.080853e+01
1.357249e+01  4.980853e+01
1.358356e+01  4.880853e+01
1.359467e+01  4.780853e+01
1.360585e+01  4.680853e+01
1.361711e+01  4.580853e+01
1.362845e+01  4.480853e+01
1.363991e+01  4.380853e+01
1.365148e+01  4.280853e+01
1.366320e+01  4.180853e+01
1.367508e+01  4.080853e+01
1.368714e+01  3.980853e+01
1.369941e+01  3.880853e+01
1.371191e+01  3.780853e+01
1.372469e+01  3.680853e+01
1.373776e+01  3.580853e+01
1.375119e+01  3.480853e+01
1.376501e+01  3.380853e+01
1.377929e+01  3.280853e+01
1.379410e+01  3.180853e+01
1.380953e+01  3.080853e+01
1.382571e+01  2.980853e+01
1.384279e+01  2.880853e+01
1.386097e+01  2.780853e+01
1.388055e+01  2.680853e+01
1.390200e+01  2.580853e+01
1.392604e+01  2.480853e+01
1.395406e+01  2.380853e+01
1.398931e+01  2.280853e+01
1.404616e+01  2.180853e+01
1.500450e+01  5.795258e+01
1.494580e+01  5.695258e+01
1.490527e+01  5.595258e+01
1.487209e+01  5.495258e+01
1.484313e+01  5.395258e+01
1.481698e+01  5.295258e+01
1.479284e+01  5.195258e+01
1.477022e+01  5.095258e+01
1.474879e+01  4.995258e+01
1.472830e+01  4.895258e+01
1.470858e+01  4.795258e+01
1.468947e+01  4.695258e+01
1.467088e+01  4.595258e+01
1.465271e+01  4.495258e+01
1.463488e+01  4.395258e+01
1.461731e+01  4.295258e+01
1.459996e+01  4.195258e+01
1.458276e+01  4.095258e+01
1.456565e+01  3.995258e+01
1.454860e+01  3.895258e+01
1.453154e+01  3.795258e+01
1.451443e+01  3.695258e+01
1.449721e+01  3.595258e+01
1.447983e+01  3.495258e+01
1.446222e+01  3.395258e+01
1.444432e+01  3.295258e+01
1.442603e+01  3.195258e+01
1.440727e+01  3.095258e+01
1.438791e+01  2.995258e+01
1.436778e+01  2.895258e+01
1.434669e+01  2.795258e+01
1.432435e+01  2.695258e+01
1.430032e+01  2.595258e+01
1.427392e+01  2.495258e+01
1.424388e+01  2.395258e+01
1.420741e+01  2.295258e+01
1.415392e+01  2.195258e+01
1.516488e+01  5.795258e+01
1.522629e+01  5.695258e+01
1.526961e+01  5.595258e+01
1.530565e+01  5.495258e+01
1.533755e+01  5.395258e+01
1.536673e+01  5.295258e+01
1.539397e+01  5.195258e+01
1.541980e+01  5.095258e+01
1.544453e+01  4.995258e+01
1.546843e+01  4.895258e+01
1.549168e+01  4.795258e+01
1.551443e+01  4.695258e+01
1.553679e+01  4.595258e+01
1.555888e+01  4.495258e+01
1.558078e+01  4.395258e+01
1.560257e+01  4.295258e+01
1.562433e+01  4.195258e+01
1.564614e+01  4.095258e+01
1.566805e+01  3.995258e+01
1.569015e+01  3.895258e+01
1.571252e+01  3.795258e+01
1.573522e+01  3.695258e+01
1.575834e+01  3.595258e+01
1.578199e+01  3.495258e+01
1.580628e+01  3.395258e+01
1.583134e+01  3.295258e+01
1.585733e+01  3.195258e+01
1.588443e+01  3.095258e+01
1.591291e+01  2.995258e+01
1.594308e+01  2.895258e+01
1.597537e+01  2.795258e+01
1.601043e+01  2.695258e+01
1.604918e+01  2.595258e+01
1.609317e+01  2.495258e+01
1.614525e+01  2.395258e+01
1.621201e+01  2.295258e+01
1.631891e+01  2.195258e+01
