1.084405e+01  1.916952e+02
1.082240e+01  1.906952e+02
1.080484e+01  1.896952e+02
1.078965e+01  1.886952e+02
1.077603e+01  1.876952e+02
1.076358e+01  1.866952e+02
1.075201e+01  1.856952e+02
1.074115e+01  1.846952e+02
1.073087e+01  1.836952e+02
1.072109e+01  1.826952e+02
1.071172e+01  1.816952e+02
1.070272e+01  1.806952e+02
1.069404e+01  1.796952e+02
1.068565e+01  1.786952e+02
1.067750e+01  1.776952e+02
1.066958e+01  1.766952e+02
1.066187e+01  1.756952e+02
1.065434e+01  1.746952e+02
1.064698e+01  1.736952e+02
1.063978e+01  1.726952e+02
1.063273e+01  1.716952e+02
1.062580e+01  1.706952e+02
1.061901e+01  1.696952e+02
1.061232e+01  1.686952e+02
1.060574e+01  1.676952e+02
1.059926e+01  1.666952e+02
1.059288e+01  1.656952e+02
1.058658e+01  1.646952e+02
1.058037e+01  1.636952e+02
1.057423e+01  1.626952e+02
1.056816e+01  1.616952e+02
1.056217e+01  1.606952e+02
1.055624e+01  1.596952e+02
1.055037e+01  1.586952e+02
1.054455e+01  1.576952e+02
1.053880e+01  1.566952e+02
1.053309e+01  1.556952e+02
1.052743e+01  1.546952e+02
1.052182e+01  1.536952e+02
1.051626e+01  1.526952e+02
1.051074e+01  1.516952e+02
1.050525e+01  1.506952e+02
1.049981e+01  1.496952e+02
1.049440e+01  1.486952e+02
1.048902e+01  1.476952e+02
1.048368e+01  1.466952e+02
1.047836e+01  1.456952e+02
1.047308e+01  1.446952e+02
1.046783e+01  1.436952e+02
1.046260e+01  1.426952e+02
1.045739e+01  1.416952e+02
1.045221e+01  1.406952e+02
1.044705e+01  1.396952e+02
1.044191e+01  1.386952e+02
1.043679e+01  1.376952e+02
1.043169e+01  1.366952e+02
1.042661e+01  1.356952e+02
1.042155e+01  1.346952e+02
1.041650e+01  1.336952e+02
1.041146e+01  1.326952e+02
1.040644e+01  1.316952e+02
1.040143e+01  1.306952e+02
1.039643e+01  1.296952e+02
1.039145e+01  1.286952e+02
1.038647e+01  1.276952e+02
1.038150e+01  1.266952e+02
1.037654e+01  1.256952e+02
1.037159e+01  1.246952e+02
1.036664e+01  1.236952e+02
1.036170e+01  1.226952e+02
1.035676e+01  1.216952e+02
1.035183e+01  1.206952e+02
1.034690e+01  1.196952e+02
1.034198e+01  1.186952e+02
1.033705e+01  1.176952e+02
1.033213e+01  1.166952e+02
1.032720e+01  1.156952e+02
1.032228e+01  1.146952e+02
1.031735e+01  1.136952e+02
1.031243e+01  1.126952e+02
1.030750e+01  1.116952e+02
1.030256e+01  1.106952e+02
1.029762e+01  1.096952e+02
1.029268e+01  1.086952e+02
1.028773e+01  1.076952e+02
1.028278e+01  1.066952e+02
1.027782e+01  1.056952e+02
1.027285e+01  1.046952e+02
1.026787e+01  1.036952e+02
1.026288e+01  1.026952e+02
1.025788e+01  1.016952e+02
1.025287e+01  1.006952e+02
1.024785e+01  9.969515e+01
1.024281e+01  9.869515e+01
1.023777e+01  9.769515e+01
1.023270e+01  9.669515e+01
1.022763e+01  9.569515e+01
1.022253e+01  9.469515e+01
1.021742e+01  9.369515e+01
1.021229e+01  9.269515e+01
1.020715e+01  9.169515e+01
1.020198e+01  9.069515e+01
1.019679e+01  8.969515e+01
1.019158e+01  8.869515e+01
1.018635e+01  8.769515e+01
1.018109e+01  8.669515e+01
1.017581e+01  8.569515e+01
1.017050e+01  8.469515e+01
1.016517e+01  8.369515e+01
1.015981e+01  8.269515e+01
1.015441e+01  8.169515e+01
1.014899e+01  8.069515e+01
1.014353e+01  7.969515e+01
1.013805e+01  7.869515e+01
1.013252e+01  7.769515e+01
1.012696e+01  7.669515e+01
1.012136e+01  7.569515e+01
1.011572e+01  7.469515e+01
1.011004e+01  7.369515e+01
1.010432e+01  7.269515e+01
1.009855e+01  7.169515e+01
1.009274e+01  7.069515e+01
1.008688e+01  6.969515e+01
1.008096e+01  6.869515e+01
1.007500e+01  6.769515e+01
1.006897e+01  6.669515e+01
1.006289e+01  6.569515e+01
1.005675e+01  6.469515e+01
1.005055e+01  6.369515e+01
1.004428e+01  6.269515e+01
1.003794e+01  6.169515e+01
1.003152e+01  6.069515e+01
1.002503e+01  5.969515e+01
1.001847e+01  5.869515e+01
1.001181e+01  5.769515e+01
1.000507e+01  5.669515e+01
9.998240e+00  5.569515e+01
9.991310e+00  5.469515e+01
9.984276e+00  5.369515e+01
9.977135e+00  5.269515e+01
9.969878e+00  5.169515e+01
9.962501e+00  5.069515e+01
9.954994e+00  4.969515e+01
9.947351e+00  4.869515e+01
9.939563e+00  4.769515e+01
9.931620e+00  4.669515e+01
9.923511e+00  4.569515e+01
9.915225e+00  4.469515e+01
9.906749e+00  4.369515e+01
9.898068e+00  4.269515e+01
9.889167e+00  4.169515e+01
9.880026e+00  4.069515e+01
9.870624e+00  3.969515e+01
9.860939e+00  3.869515e+01
9.850941e+00  3.769515e+01
9.840600e+00  3.669515e+01
9.829878e+00  3.569515e+01
9.818730e+00  3.469515e+01
9.807103e+00  3.369515e+01
9.794933e+00  3.269515e+01
9.782139e+00  3.169515e+01
9.768622e+00  3.069515e+01
9.754250e+00  2.969515e+01
9.738854e+00  2.869515e+01
9.722197e+00  2.769515e+01
9.703942e+00  2.669515e+01
9.683572e+00  2.569515e+01
9.660229e+00  2.469515e+01
9.632271e+00  2.369515e+01
9.595667e+00  2.269515e+01
9.528854e+00  2.169515e+01
1.098457e+01  1.916952e+02
1.100599e+01  1.906952e+02
1.102332e+01  1.896952e+02
1.103828e+01  1.886952e+02
1.105166e+01  1.876952e+02
1.106389e+01  1.866952e+02
1.107523e+01  1.856952e+02
1.108585e+01  1.846952e+02
1.109589e+01  1.836952e+02
1.110543e+01  1.826952e+02
1.111456e+01  1.816952e+02
1.112331e+01  1.806952e+02
1.113175e+01  1.796952e+02
1.113990e+01  1.786952e+02
1.114780e+01  1.776952e+02
1.115547e+01  1.766952e+02
1.116294e+01  1.756952e+02
1.117021e+01  1.746952e+02
1.117731e+01  1.736952e+02
1.118426e+01  1.726952e+02
1.119106e+01  1.716952e+02
1.119772e+01  1.706952e+02
1.120426e+01  1.696952e+02
1.121069e+01  1.686952e+02
1.121700e+01  1.676952e+02
1.122321e+01  1.666952e+02
1.122933e+01  1.656952e+02
1.123536e+01  1.646952e+02
1.124130e+01  1.636952e+02
1.124716e+01  1.626952e+02
1.125295e+01  1.616952e+02
1.125867e+01  1.606952e+02
1.126432e+01  1.596952e+02
1.126991e+01  1.586952e+02
1.127544e+01  1.576952e+02
1.128091e+01  1.566952e+02
1.128633e+01  1.556952e+02
1.129169e+01  1.546952e+02
1.129701e+01  1.536952e+02
1.130228e+01  1.526952e+02
1.130751e+01  1.516952e+02
1.131269e+01  1.506952e+02
1.131783e+01  1.496952e+02
1.132294e+01  1.486952e+02
1.132801e+01  1.476952e+02
1.133304e+01  1.466952e+02
1.133804e+01  1.456952e+02
1.134301e+01  1.446952e+02
1.134795e+01  1.436952e+02
1.135286e+01  1.426952e+02
1.135774e+01  1.416952e+02
1.136260e+01  1.406952e+02
1.136743e+01  1.396952e+02
1.137224e+01  1.386952e+02
1.137702e+01  1.376952e+02
1.138178e+01  1.366952e+02
1.138653e+01  1.356952e+02
1.139125e+01  1.346952e+02
1.139595e+01  1.336952e+02
1.140064e+01  1.326952e+02
1.140531e+01  1.316952e+02
1.140996e+01  1.306952e+02
1.141460e+01  1.296952e+02
1.141923e+01  1.286952e+02
1.142384e+01  1.276952e+02
1.142844e+01  1.266952e+02
1.143303e+01  1.256952e+02
1.143760e+01  1.246952e+02
1.144217e+01  1.236952e+02
1.144673e+01  1.226952e+02
1.145128e+01  1.216952e+02
1.145582e+01  1.206952e+02
1.146035e+01  1.196952e+02
1.146488e+01  1.186952e+02
1.146940e+01  1.176952e+02
1.147392e+01  1.166952e+02
1.147843e+01  1.156952e+02
1.148294e+01  1.146952e+02
1.148744e+01  1.136952e+02
1.149194e+01  1.126952e+02
1.149644e+01  1.116952e+02
1.150094e+01  1.106952e+02
1.150544e+01  1.096952e+02
1.150994e+01  1.086952e+02
1.151444e+01  1.076952e+02
1.151894e+01  1.066952e+02
1.152344e+01  1.056952e+02
1.152795e+01  1.046952e+02
1.153245e+01  1.036952e+02
1.153697e+01  1.026952e+02
1.154148e+01  1.016952e+02
1.154601e+01  1.006952e+02
1.155053e+01  9.969515e+01
1.155507e+01  9.869515e+01
1.155961e+01  9.769515e+01
1.156416e+01  9.669515e+01
1.156872e+01  9.569515e+01
1.157328e+01  9.469515e+01
1.157786e+01  9.369515e+01
1.158245e+01  9.269515e+01
1.158705e+01  9.169515e+01
1.159166e+01  9.069515e+01
1.159628e+01  8.969515e+01
1.160092e+01  8.869515e+01
1.160557e+01  8.769515e+01
1.161024e+01  8.669515e+01
1.161493e+01  8.569515e+01
1.161963e+01  8.469515e+01
1.162435e+01  8.369515e+01
1.162908e+01  8.269515e+01
1.163384e+01  8.169515e+01
1.163862e+01  8.069515e+01
1.164342e+01  7.969515e+01
1.164825e+01  7.869515e+01
1.165309e+01  7.769515e+01
1.165797e+01  7.669515e+01
1.166286e+01  7.569515e+01
1.166779e+01  7.469515e+01
1.167274e+01  7.369515e+01
1.167773e+01  7.269515e+01
1.168275e+01  7.169515e+01
1.168779e+01  7.069515e+01
1.169288e+01  6.969515e+01
1.169800e+01  6.869515e+01
1.170315e+01  6.769515e+01
1.170835e+01  6.669515e+01
1.171358e+01  6.569515e+01
1.171886e+01  6.469515e+01
1.172419e+01  6.369515e+01
1.172956e+01  6.269515e+01
1.173498e+01  6.169515e+01
1.174045e+01  6.069515e+01
1.174597e+01  5.969515e+01
1.175156e+01  5.869515e+01
1.175720e+01  5.769515e+01
1.176290e+01  5.669515e+01
1.176867e+01  5.569515e+01
1.177451e+01  5.469515e+01
1.178043e+01  5.369515e+01
1.178642e+01  5.269515e+01
1.179249e+01  5.169515e+01
1.179865e+01  5.069515e+01
1.180490e+01  4.969515e+01
1.181125e+01  4.869515e+01
1.181770e+01  4.769515e+01
1.182426e+01  4.669515e+01
1.183093e+01  4.569515e+01
1.183774e+01  4.469515e+01
1.184467e+01  4.369515e+01
1.185176e+01  4.269515e+01
1.185899e+01  4.169515e+01
1.186640e+01  4.069515e+01
1.187399e+01  3.969515e+01
1.188178e+01  3.869515e+01
1.188979e+01  3.769515e+01
1.189804e+01  3.669515e+01
1.190655e+01  3.569515e+01
1.191536e+01  3.469515e+01
1.192451e+01  3.369515e+01
1.193403e+01  3.269515e+01
1.194398e+01  3.169515e+01
1.195443e+01  3.069515e+01
1.196547e+01  2.969515e+01
1.197720e+01  2.869515e+01
1.198980e+01  2.769515e+01
1.200348e+01  2.669515e+01
1.201859e+01  2.569515e+01
1.203569e+01  2.469515e+01
1.205587e+01  2.369515e+01
1.208178e+01  2.269515e+01
1.212749e+01  2.169515e+01
1.308876e+01  7.980853e+01
1.314327e+01  7.880853e+01
1.317559e+01  7.780853e+01
1.320129e+01  7.680853e+01
1.322342e+01  7.580853e+01
1.324325e+01  7.480853e+01
1.326145e+01  7.380853e+01
1.327841e+01  7.280853e+01
1.329442e+01  7.180853e+01
1.330965e+01  7.080853e+01
1.332424e+01  6.980853e+01
1.333829e+01  6.880853e+01
1.335190e+01  6.780853e+01
1.336512e+01  6.680853e+01
1.337800e+01  6.580853e+01
1.339060e+01  6.480853e+01
1.340295e+01  6.380853e+01
1.341509e+01  6.280853e+01
1.342703e+01  6.180853e+01
1.343882e+01  6.080853e+01
1.345046e+01  5.980853e+01
1.346198e+01  5.880853e+01
1.347341e+01  5.780853e+01
1.348475e+01  5.680853e+01
1.349602e+01  5.580853e+01
1.350724e+01  5.480853e+01
1.351842e+01  5.380853e+01
1.352957e+01  5.280853e+01
1.354072e+01  5.180853e+01
1.355186e+01  5.080853e+01
1.356303e+01  4.980853e+01
1.357422e+01  4.880853e+01
1.358545e+01  4.780853e+01
1.359674e+01  4.680853e+01
1.360810e+01  4.580853e+01
1.361955e+01  4.480853e+01
1.363110e+01  4.380853e+01
1.364277e+01  4.280853e+01
1.365457e+01  4.180853e+01
1.366654e+01  4.080853e+01
1.367868e+01  3.980853e+01
1.369103e+01  3.880853e+01
1.370361e+01  3.780853e+01
1.371646e+01  3.680853e+01
1.372961e+01  3.580853e+01
1.374310e+01  3.480853e+01
1.375699e+01  3.380853e+01
1.377133e+01  3.280853e+01
1.378620e+01  3.180853e+01
1.380170e+01  3.080853e+01
1.381793e+01  2.980853e+01
1.383506e+01  2.880853e+01
1.385329e+01  2.780853e+01
1.387293e+01  2.680853e+01
1.389442e+01  2.580853e+01
1.391850e+01  2.480853e+01
1.394656e+01  2.380853e+01
1.398184e+01  2.280853e+01
1.403871e+01  2.180853e+01
1.343192e+01  8.380853e+01
1.344151e+01  8.280853e+01
1.345097e+01  8.180853e+01
1.346032e+01  8.080853e+01
1.346958e+01  7.980853e+01
1.347874e+01  7.880853e+01
1.348782e+01  7.780853e+01
1.349683e+01  7.680853e+01
1.350578e+01  7.580853e+01
1.351467e+01  7.480853e+01
1.352351e+01  7.380853e+01
1.353231e+01  7.280853e+01
1.354107e+01  7.180853e+01
1.354979e+01  7.080853e+01
1.355850e+01  6.980853e+01
1.356718e+01  6.880853e+01
1.357585e+01  6.780853e+01
1.358451e+01  6.680853e+01
1.359317e+01  6.580853e+01
1.360183e+01  6.480853e+01
1.361049e+01  6.380853e+01
1.361917e+01  6.280853e+01
1.362787e+01  6.180853e+01
1.363658e+01  6.080853e+01
1.364533e+01  5.980853e+01
1.365411e+01  5.880853e+01
1.366293e+01  5.780853e+01
1.367179e+01  5.680853e+01
1.368070e+01  5.580853e+01
1.368967e+01  5.480853e+01
1.369870e+01  5.380853e+01
1.370781e+01  5.280853e+01
1.371699e+01  5.180853e+01
1.372625e+01  5.080853e+01
1.373561e+01  4.980853e+01
1.374507e+01  4.880853e+01
1.375464e+01  4.780853e+01
1.376433e+01  4.680853e+01
1.377416e+01  4.580853e+01
1.378413e+01  4.480853e+01
1.379426e+01  4.380853e+01
1.380456e+01  4.280853e+01
1.381505e+01  4.180853e+01
1.382575e+01  4.080853e+01
1.383667e+01  3.980853e+01
1.384785e+01  3.880853e+01
1.385930e+01  3.780853e+01
1.387107e+01  3.680853e+01
1.388318e+01  3.580853e+01
1.389567e+01  3.480853e+01
1.390861e+01  3.380853e+01
1.392204e+01  3.280853e+01
1.393605e+01  3.180853e+01
1.395073e+01  3.080853e+01
1.396620e+01  2.980853e+01
1.398261e+01  2.880853e+01
1.400020e+01  2.780853e+01
1.401925e+01  2.680853e+01
1.404025e+01  2.580853e+01
1.406396e+01  2.480853e+01
1.409180e+01  2.380853e+01
1.412716e+01  2.280853e+01
1.418501e+01  2.180853e+01
1.496007e+01  5.795258e+01
1.491599e+01  5.695258e+01
1.488112e+01  5.595258e+01
1.485117e+01  5.495258e+01
1.482437e+01  5.395258e+01
1.479979e+01  5.295258e+01
1.477687e+01  5.195258e+01
1.475522e+01  5.095258e+01
1.473459e+01  4.995258e+01
1.471478e+01  4.895258e+01
1.469563e+01  4.795258e+01
1.467703e+01  4.695258e+01
1.465888e+01  4.595258e+01
1.464111e+01  4.495258e+01
1.462363e+01  4.395258e+01
1.460638e+01  4.295258e+01
1.458932e+01  4.195258e+01
1.457238e+01  4.095258e+01
1.455552e+01  3.995258e+01
1.453869e+01  3.895258e+01
1.452184e+01  3.795258e+01
1.450492e+01  3.695258e+01
1.448789e+01  3.595258e+01
1.447068e+01  3.495258e+01
1.445323e+01  3.395258e+01
1.443548e+01  3.295258e+01
1.441734e+01  3.195258e+01
1.439871e+01  3.095258e+01
1.437947e+01  2.995258e+01
1.435947e+01  2.895258e+01
1.433850e+01  2.795258e+01
1.431627e+01  2.695258e+01
1.429235e+01  2.595258e+01
1.426605e+01  2.495258e+01
1.423612e+01  2.395258e+01
1.419975e+01  2.295258e+01
1.414638e+01  2.195258e+01
1.520713e+01  5.795258e+01
1.525394e+01  5.695258e+01
1.529161e+01  5.595258e+01
1.532443e+01  5.495258e+01
1.535417e+01  5.395258e+01
1.538178e+01  5.295258e+01
1.540782e+01  5.195258e+01
1.543269e+01  5.095258e+01
1.545663e+01  4.995258e+01
1.547987e+01  4.895258e+01
1.550255e+01  4.795258e+01
1.552480e+01  4.695258e+01
1.554674e+01  4.595258e+01
1.556845e+01  4.495258e+01
1.559001e+01  4.395258e+01
1.561150e+01  4.295258e+01
1.563299e+01  4.195258e+01
1.565454e+01  4.095258e+01
1.567624e+01  3.995258e+01
1.569813e+01  3.895258e+01
1.572031e+01  3.795258e+01
1.574284e+01  3.695258e+01
1.576581e+01  3.595258e+01
1.578932e+01  3.495258e+01
1.581349e+01  3.395258e+01
1.583843e+01  3.295258e+01
1.586431e+01  3.195258e+01
1.589133e+01  3.095258e+01
1.591973e+01  2.995258e+01
1.594984e+01  2.895258e+01
1.598210e+01  2.795258e+01
1.601713e+01  2.695258e+01
1.605588e+01  2.595258e+01
1.609990e+01  2.495258e+01
1.615208e+01  2.395258e+01
1.621903e+01  2.295258e+01
1.632645e+01  2.195258e+01
1.085175e+01  1.896952e+02
1.083158e+01  1.886952e+02
1.081495e+01  1.876952e+02
1.080044e+01  1.866952e+02
1.078739e+01  1.856952e+02
1.077542e+01  1.846952e+02
1.076429e+01  1.836952e+02
1.075383e+01  1.826952e+02
1.074392e+01  1.816952e+02
1.073450e+01  1.806952e+02
1.072547e+01  1.796952e+02
1.071680e+01  1.786952e+02
1.070844e+01  1.776952e+02
1.070036e+01  1.766952e+02
1.069252e+01  1.756952e+02
1.068490e+01  1.746952e+02
1.067749e+01  1.736952e+02
1.067026e+01  1.726952e+02
1.066320e+01  1.716952e+02
1.065630e+01  1.706952e+02
1.064954e+01  1.696952e+02
1.064291e+01  1.686952e+02
1.063641e+01  1.676952e+02
1.063003e+01  1.666952e+02
1.062375e+01  1.656952e+02
1.061757e+01  1.646952e+02
1.061149e+01  1.636952e+02
1.060550e+01  1.626952e+02
1.059960e+01  1.616952e+02
1.059378e+01  1.606952e+02
1.058803e+01  1.596952e+02
1.058235e+01  1.586952e+02
1.057674e+01  1.576952e+02
1.057120e+01  1.566952e+02
1.056572e+01  1.556952e+02
1.056030e+01  1.546952e+02
1.055494e+01  1.536952e+02
1.054963e+01  1.526952e+02
1.054437e+01  1.516952e+02
1.053916e+01  1.506952e+02
1.053400e+01  1.496952e+02
1.052889e+01  1.486952e+02
1.052382e+01  1.476952e+02
1.051879e+01  1.466952e+02
1.051381e+01  1.456952e+02
1.050886e+01  1.446952e+02
1.050395e+01  1.436952e+02
1.049908e+01  1.426952e+02
1.049424e+01  1.416952e+02
1.048944e+01  1.406952e+02
1.048467e+01  1.396952e+02
1.047993e+01  1.386952e+02
1.047523e+01  1.376952e+02
1.047055e+01  1.366952e+02
1.046591e+01  1.356952e+02
1.046129e+01  1.346952e+02
1.045670e+01  1.336952e+02
1.045214e+01  1.326952e+02
1.044761e+01  1.316952e+02
1.044310e+01  1.306952e+02
1.043862e+01  1.296952e+02
1.043417e+01  1.286952e+02
1.042974e+01  1.276952e+02
1.042533e+01  1.266952e+02
1.042095e+01  1.256952e+02
1.041659e+01  1.246952e+02
1.041226e+01  1.236952e+02
1.040795e+01  1.226952e+02
1.040366e+01  1.216952e+02
1.039940e+01  1.206952e+02
1.039515e+01  1.196952e+02
1.039094e+01  1.186952e+02
1.038674e+01  1.176952e+02
1.038257e+01  1.166952e+02
1.037842e+01  1.156952e+02
1.037430e+01  1.146952e+02
1.037020e+01  1.136952e+02
1.036612e+01  1.126952e+02
1.036207e+01  1.116952e+02
1.035805e+01  1.106952e+02
1.035405e+01  1.096952e+02
1.035007e+01  1.086952e+02
1.034612e+01  1.076952e+02
1.034220e+01  1.066952e+02
1.033831e+01  1.056952e+02
1.033445e+01  1.046952e+02
1.033062e+01  1.036952e+02
1.032682e+01  1.026952e+02
1.032306e+01  1.016952e+02
1.031932e+01  1.006952e+02
1.031563e+01  9.969515e+01
1.031197e+01  9.869515e+01
1.030835e+01  9.769515e+01
1.030478e+01  9.669515e+01
1.030125e+01  9.569515e+01
1.029776e+01  9.469515e+01
1.029433e+01  9.369515e+01
1.029094e+01  9.269515e+01
1.028762e+01  9.169515e+01
1.028435e+01  9.069515e+01
1.028115e+01  8.969515e+01
1.027802e+01  8.869515e+01
1.027496e+01  8.769515e+01
1.027197e+01  8.669515e+01
1.026908e+01  8.569515e+01
1.026627e+01  8.469515e+01
1.026356e+01  8.369515e+01
1.026096e+01  8.269515e+01
1.025848e+01  8.169515e+01
1.025612e+01  8.069515e+01
1.025389e+01  7.969515e+01
1.025181e+01  7.869515e+01
1.024990e+01  7.769515e+01
1.024816e+01  7.669515e+01
1.024662e+01  7.569515e+01
1.024529e+01  7.469515e+01
1.024419e+01  7.369515e+01
1.024335e+01  7.269515e+01
1.024280e+01  7.169515e+01
1.024256e+01  7.069515e+01
1.024267e+01  6.969515e+01
1.024317e+01  6.869515e+01
1.024410e+01  6.769515e+01
1.024551e+01  6.669515e+01
1.024747e+01  6.569515e+01
1.025003e+01  6.469515e+01
1.025328e+01  6.369515e+01
1.025730e+01  6.269515e+01
1.026218e+01  6.169515e+01
1.026805e+01  6.069515e+01
1.027503e+01  5.969515e+01
1.028326e+01  5.869515e+01
1.029292e+01  5.769515e+01
1.030417e+01  5.669515e+01
1.031723e+01  5.569515e+01
1.033229e+01  5.469515e+01
1.034956e+01  5.369515e+01
1.036924e+01  5.269515e+01
1.039148e+01  5.169515e+01
1.041638e+01  5.069515e+01
1.044392e+01  4.969515e+01
1.047398e+01  4.869515e+01
1.050631e+01  4.769515e+01
1.054053e+01  4.669515e+01
1.057618e+01  4.569515e+01
1.061277e+01  4.469515e+01
1.064985e+01  4.369515e+01
1.068699e+01  4.269515e+01
1.072388e+01  4.169515e+01
1.076030e+01  4.069515e+01
1.079610e+01  3.969515e+01
1.083119e+01  3.869515e+01
1.086557e+01  3.769515e+01
1.089925e+01  3.669515e+01
1.093229e+01  3.569515e+01
1.096477e+01  3.469515e+01
1.099678e+01  3.369515e+01
1.102845e+01  3.269515e+01
1.105990e+01  3.169515e+01
1.109131e+01  3.069515e+01
1.112284e+01  2.969515e+01
1.115474e+01  2.869515e+01
1.118728e+01  2.769515e+01
1.122088e+01  2.669515e+01
1.125611e+01  2.569515e+01
1.129391e+01  2.469515e+01
1.133604e+01  2.369515e+01
1.138676e+01  2.269515e+01
1.146873e+01  2.169515e+01
1.100029e+01  1.896952e+02
1.102041e+01  1.886952e+02
1.103700e+01  1.876952e+02
1.105146e+01  1.866952e+02
1.106446e+01  1.856952e+02
1.107639e+01  1.846952e+02
1.108749e+01  1.836952e+02
1.109791e+01  1.826952e+02
1.110777e+01  1.816952e+02
1.111716e+01  1.806952e+02
1.112615e+01  1.796952e+02
1.113479e+01  1.786952e+02
1.114312e+01  1.776952e+02
1.115117e+01  1.766952e+02
1.115898e+01  1.756952e+02
1.116657e+01  1.746952e+02
1.117396e+01  1.736952e+02
1.118116e+01  1.726952e+02
1.118820e+01  1.716952e+02
1.119509e+01  1.706952e+02
1.120183e+01  1.696952e+02
1.120845e+01  1.686952e+02
1.121494e+01  1.676952e+02
1.122131e+01  1.666952e+02
1.122759e+01  1.656952e+02
1.123376e+01  1.646952e+02
1.123984e+01  1.636952e+02
1.124583e+01  1.626952e+02
1.125174e+01  1.616952e+02
1.125758e+01  1.606952e+02
1.126334e+01  1.596952e+02
1.126903e+01  1.586952e+02
1.127466e+01  1.576952e+02
1.128022e+01  1.566952e+02
1.128573e+01  1.556952e+02
1.129118e+01  1.546952e+02
1.129658e+01  1.536952e+02
1.130193e+01  1.526952e+02
1.130723e+01  1.516952e+02
1.131248e+01  1.506952e+02
1.131769e+01  1.496952e+02
1.132286e+01  1.486952e+02
1.132800e+01  1.476952e+02
1.133309e+01  1.466952e+02
1.133815e+01  1.456952e+02
1.134318e+01  1.446952e+02
1.134817e+01  1.436952e+02
1.135313e+01  1.426952e+02
1.135806e+01  1.416952e+02
1.136297e+01  1.406952e+02
1.136785e+01  1.396952e+02
1.137270e+01  1.386952e+02
1.137753e+01  1.376952e+02
1.138233e+01  1.366952e+02
1.138712e+01  1.356952e+02
1.139188e+01  1.346952e+02
1.139662e+01  1.336952e+02
1.140135e+01  1.326952e+02
1.140605e+01  1.316952e+02
1.141074e+01  1.306952e+02
1.141542e+01  1.296952e+02
1.142008e+01  1.286952e+02
1.142472e+01  1.276952e+02
1.142935e+01  1.266952e+02
1.143397e+01  1.256952e+02
1.143858e+01  1.246952e+02
1.144317e+01  1.236952e+02
1.144776e+01  1.226952e+02
1.145234e+01  1.216952e+02
1.145690e+01  1.206952e+02
1.146146e+01  1.196952e+02
1.146602e+01  1.186952e+02
1.147056e+01  1.176952e+02
1.147511e+01  1.166952e+02
1.147964e+01  1.156952e+02
1.148417e+01  1.146952e+02
1.148870e+01  1.136952e+02
1.149323e+01  1.126952e+02
1.149775e+01  1.116952e+02
1.150227e+01  1.106952e+02
1.150679e+01  1.096952e+02
1.151131e+01  1.086952e+02
1.151583e+01  1.076952e+02
1.152035e+01  1.066952e+02
1.152487e+01  1.056952e+02
1.152939e+01  1.046952e+02
1.153392e+01  1.036952e+02
1.153845e+01  1.026952e+02
1.154298e+01  1.016952e+02
1.154752e+01  1.006952e+02
1.155207e+01  9.969515e+01
1.155662e+01  9.869515e+01
1.156118e+01  9.769515e+01
1.156574e+01  9.669515e+01
1.157032e+01  9.569515e+01
1.157490e+01  9.469515e+01
1.157949e+01  9.369515e+01
1.158409e+01  9.269515e+01
1.158871e+01  9.169515e+01
1.159333e+01  9.069515e+01
1.159797e+01  8.969515e+01
1.160263e+01  8.869515e+01
1.160729e+01  8.769515e+01
1.161197e+01  8.669515e+01
1.161667e+01  8.569515e+01
1.162139e+01  8.469515e+01
1.162612e+01  8.369515e+01
1.163087e+01  8.269515e+01
1.163564e+01  8.169515e+01
1.164043e+01  8.069515e+01
1.164524e+01  7.969515e+01
1.165008e+01  7.869515e+01
1.165494e+01  7.769515e+01
1.165982e+01  7.669515e+01
1.166473e+01  7.569515e+01
1.166967e+01  7.469515e+01
1.167463e+01  7.369515e+01
1.167963e+01  7.269515e+01
1.168466e+01  7.169515e+01
1.168972e+01  7.069515e+01
1.169481e+01  6.969515e+01
1.169994e+01  6.869515e+01
1.170511e+01  6.769515e+01
1.171031e+01  6.669515e+01
1.171556e+01  6.569515e+01
1.172085e+01  6.469515e+01
1.172618e+01  6.369515e+01
1.173156e+01  6.269515e+01
1.173699e+01  6.169515e+01
1.174247e+01  6.069515e+01
1.174801e+01  5.969515e+01
1.175360e+01  5.869515e+01
1.175925e+01  5.769515e+01
1.176496e+01  5.669515e+01
1.177074e+01  5.569515e+01
1.177659e+01  5.469515e+01
1.178251e+01  5.369515e+01
1.178851e+01  5.269515e+01
1.179459e+01  5.169515e+01
1.180076e+01  5.069515e+01
1.180702e+01  4.969515e+01
1.181337e+01  4.869515e+01
1.181983e+01  4.769515e+01
1.182640e+01  4.669515e+01
1.183308e+01  4.569515e+01
1.183990e+01  4.469515e+01
1.184684e+01  4.369515e+01
1.185393e+01  4.269515e+01
1.186118e+01  4.169515e+01
1.186859e+01  4.069515e+01
1.187619e+01  3.969515e+01
1.188399e+01  3.869515e+01
1.189200e+01  3.769515e+01
1.190026e+01  3.669515e+01
1.190878e+01  3.569515e+01
1.191760e+01  3.469515e+01
1.192676e+01  3.369515e+01
1.193628e+01  3.269515e+01
1.194624e+01  3.169515e+01
1.195670e+01  3.069515e+01
1.196775e+01  2.969515e+01
1.197949e+01  2.869515e+01
1.199210e+01  2.769515e+01
1.200579e+01  2.669515e+01
1.202090e+01  2.569515e+01
1.203802e+01  2.469515e+01
1.205821e+01  2.369515e+01
1.208413e+01  2.269515e+01
1.212986e+01  2.169515e+01
1.304219e+01  7.980853e+01
1.297533e+01  7.880853e+01
1.294232e+01  7.780853e+01
1.291671e+01  7.680853e+01
1.289495e+01  7.580853e+01
1.287562e+01  7.480853e+01
1.285801e+01  7.380853e+01
1.284169e+01  7.280853e+01
1.282637e+01  7.180853e+01
1.281187e+01  7.080853e+01
1.279803e+01  6.980853e+01
1.278475e+01  6.880853e+01
1.277195e+01  6.780853e+01
1.275956e+01  6.680853e+01
1.274752e+01  6.580853e+01
1.273579e+01  6.480853e+01
1.272433e+01  6.380853e+01
1.271311e+01  6.280853e+01
1.270210e+01  6.180853e+01
1.269127e+01  6.080853e+01
1.268060e+01  5.980853e+01
1.267008e+01  5.880853e+01
1.265968e+01  5.780853e+01
1.264939e+01  5.680853e+01
1.263919e+01  5.580853e+01
1.262908e+01  5.480853e+01
1.261903e+01  5.380853e+01
1.260903e+01  5.280853e+01
1.259907e+01  5.180853e+01
1.258914e+01  5.080853e+01
1.257923e+01  4.980853e+01
1.256932e+01  4.880853e+01
1.255941e+01  4.780853e+01
1.254949e+01  4.680853e+01
1.253953e+01  4.580853e+01
1.252953e+01  4.480853e+01
1.251948e+01  4.380853e+01
1.250936e+01  4.280853e+01
1.249916e+01  4.180853e+01
1.248886e+01  4.080853e+01
1.247845e+01  3.980853e+01
1.246790e+01  3.880853e+01
1.245719e+01  3.780853e+01
1.244631e+01  3.680853e+01
1.243521e+01  3.580853e+01
1.242388e+01  3.480853e+01
1.241228e+01  3.380853e+01
1.240035e+01  3.280853e+01
1.238804e+01  3.180853e+01
1.237529e+01  3.080853e+01
1.236201e+01  2.980853e+01
1.234809e+01  2.880853e+01
1.233337e+01  2.780853e+01
1.231763e+01  2.680853e+01
1.230056e+01  2.580853e+01
1.228161e+01  2.480853e+01
1.225978e+01  2.380853e+01
1.223273e+01  2.280853e+01
1.219010e+01  2.180853e+01
1.307199e+01  7.980853e+01
1.313958e+01  7.880853e+01
1.317334e+01  7.780853e+01
1.319970e+01  7.680853e+01
1.322223e+01  7.580853e+01
1.324234e+01  7.480853e+01
1.326074e+01  7.380853e+01
1.327786e+01  7.280853e+01
1.329400e+01  7.180853e+01
1.330933e+01  7.080853e+01
1.332401e+01  6.980853e+01
1.333814e+01  6.880853e+01
1.335182e+01  6.780853e+01
1.336509e+01  6.680853e+01
1.337803e+01  6.580853e+01
1.339068e+01  6.480853e+01
1.340307e+01  6.380853e+01
1.341525e+01  6.280853e+01
1.342723e+01  6.180853e+01
1.343904e+01  6.080853e+01
1.345072e+01  5.980853e+01
1.346227e+01  5.880853e+01
1.347372e+01  5.780853e+01
1.348508e+01  5.680853e+01
1.349638e+01  5.580853e+01
1.350762e+01  5.480853e+01
1.351882e+01  5.380853e+01
1.352999e+01  5.280853e+01
1.354115e+01  5.180853e+01
1.355232e+01  5.080853e+01
1.356350e+01  4.980853e+01
1.357470e+01  4.880853e+01
1.358595e+01  4.780853e+01
1.359725e+01  4.680853e+01
1.360863e+01  4.580853e+01
1.362009e+01  4.480853e+01
1.363165e+01  4.380853e+01
1.364333e+01  4.280853e+01
1.365515e+01  4.180853e+01
1.366712e+01  4.080853e+01
1.367928e+01  3.980853e+01
1.369163e+01  3.880853e+01
1.370423e+01  3.780853e+01
1.371708e+01  3.680853e+01
1.373024e+01  3.580853e+01
1.374374e+01  3.480853e+01
1.375764e+01  3.380853e+01
1.377199e+01  3.280853e+01
1.378687e+01  3.180853e+01
1.380237e+01  3.080853e+01
1.381861e+01  2.980853e+01
1.383574e+01  2.880853e+01
1.385399e+01  2.780853e+01
1.387363e+01  2.680853e+01
1.389513e+01  2.580853e+01
1.391922e+01  2.480853e+01
1.394728e+01  2.380853e+01
1.398257e+01  2.280853e+01
1.403945e+01  2.180853e+01
1.495989e+01  5.795258e+01
1.491611e+01  5.695258e+01
1.488138e+01  5.595258e+01
1.485151e+01  5.495258e+01
1.482478e+01  5.395258e+01
1.480025e+01  5.295258e+01
1.477736e+01  5.195258e+01
1.475574e+01  5.095258e+01
1.473513e+01  4.995258e+01
1.471534e+01  4.895258e+01
1.469621e+01  4.795258e+01
1.467763e+01  4.695258e+01
1.465950e+01  4.595258e+01
1.464173e+01  4.495258e+01
1.462426e+01  4.395258e+01
1.460703e+01  4.295258e+01
1.458997e+01  4.195258e+01
1.457304e+01  4.095258e+01
1.455619e+01  3.995258e+01
1.453937e+01  3.895258e+01
1.452252e+01  3.795258e+01
1.450561e+01  3.695258e+01
1.448858e+01  3.595258e+01
1.447138e+01  3.495258e+01
1.445394e+01  3.395258e+01
1.443619e+01  3.295258e+01
1.441805e+01  3.195258e+01
1.439943e+01  3.095258e+01
1.438020e+01  2.995258e+01
1.436020e+01  2.895258e+01
1.433923e+01  2.795258e+01
1.431700e+01  2.695258e+01
1.429309e+01  2.595258e+01
1.426679e+01  2.495258e+01
1.423686e+01  2.395258e+01
1.420049e+01  2.295258e+01
1.414712e+01  2.195258e+01
1.520928e+01  5.795258e+01
1.525579e+01  5.695258e+01
1.529332e+01  5.595258e+01
1.532605e+01  5.495258e+01
1.535574e+01  5.395258e+01
1.538331e+01  5.295258e+01
1.540932e+01  5.195258e+01
1.543416e+01  5.095258e+01
1.545809e+01  4.995258e+01
1.548131e+01  4.895258e+01
1.550398e+01  4.795258e+01
1.552622e+01  4.695258e+01
1.554815e+01  4.595258e+01
1.556985e+01  4.495258e+01
1.559141e+01  4.395258e+01
1.561290e+01  4.295258e+01
1.563438e+01  4.195258e+01
1.565594e+01  4.095258e+01
1.567763e+01  3.995258e+01
1.569953e+01  3.895258e+01
1.572171e+01  3.795258e+01
1.574424e+01  3.695258e+01
1.576722e+01  3.595258e+01
1.579074e+01  3.495258e+01
1.581491e+01  3.395258e+01
1.583986e+01  3.295258e+01
1.586576e+01  3.195258e+01
1.589279e+01  3.095258e+01
1.592120e+01  2.995258e+01
1.595133e+01  2.895258e+01
1.598361e+01  2.795258e+01
1.601866e+01  2.695258e+01
1.605744e+01  2.595258e+01
1.610151e+01  2.495258e+01
1.615374e+01  2.395258e+01
1.622078e+01  2.295258e+01
1.632837e+01  2.195258e+01
