1.090012e+01  1.816952e+02
1.085449e+01  1.806952e+02
1.083027e+01  1.796952e+02
1.081141e+01  1.786952e+02
1.079536e+01  1.776952e+02
1.078113e+01  1.766952e+02
1.076819e+01  1.756952e+02
1.075622e+01  1.746952e+02
1.074502e+01  1.736952e+02
1.073446e+01  1.726952e+02
1.072441e+01  1.716952e+02
1.071482e+01  1.706952e+02
1.070561e+01  1.696952e+02
1.069673e+01  1.686952e+02
1.068815e+01  1.676952e+02
1.067984e+01  1.666952e+02
1.067176e+01  1.656952e+02
1.066389e+01  1.646952e+02
1.065622e+01  1.636952e+02
1.064872e+01  1.626952e+02
1.064139e+01  1.616952e+02
1.063421e+01  1.606952e+02
1.062716e+01  1.596952e+02
1.062024e+01  1.586952e+02
1.061344e+01  1.576952e+02
1.060674e+01  1.566952e+02
1.060015e+01  1.556952e+02
1.059366e+01  1.546952e+02
1.058725e+01  1.536952e+02
1.058093e+01  1.526952e+02
1.057469e+01  1.516952e+02
1.056852e+01  1.506952e+02
1.056242e+01  1.496952e+02
1.055638e+01  1.486952e+02
1.055041e+01  1.476952e+02
1.054450e+01  1.466952e+02
1.053864e+01  1.456952e+02
1.053284e+01  1.446952e+02
1.052708e+01  1.436952e+02
1.052137e+01  1.426952e+02
1.051571e+01  1.416952e+02
1.051009e+01  1.406952e+02
1.050450e+01  1.396952e+02
1.049896e+01  1.386952e+02
1.049345e+01  1.376952e+02
1.048798e+01  1.366952e+02
1.048253e+01  1.356952e+02
1.047712e+01  1.346952e+02
1.047174e+01  1.336952e+02
1.046638e+01  1.326952e+02
1.046105e+01  1.316952e+02
1.045574e+01  1.306952e+02
1.045046e+01  1.296952e+02
1.044520e+01  1.286952e+02
1.043995e+01  1.276952e+02
1.043473e+01  1.266952e+02
1.042953e+01  1.256952e+02
1.042434e+01  1.246952e+02
1.041916e+01  1.236952e+02
1.041400e+01  1.226952e+02
1.040886e+01  1.216952e+02
1.040372e+01  1.206952e+02
1.039860e+01  1.196952e+02
1.039349e+01  1.186952e+02
1.038839e+01  1.176952e+02
1.038329e+01  1.166952e+02
1.037820e+01  1.156952e+02
1.037312e+01  1.146952e+02
1.036805e+01  1.136952e+02
1.036298e+01  1.126952e+02
1.035791e+01  1.116952e+02
1.035284e+01  1.106952e+02
1.034778e+01  1.096952e+02
1.034272e+01  1.086952e+02
1.033766e+01  1.076952e+02
1.033260e+01  1.066952e+02
1.032753e+01  1.056952e+02
1.032247e+01  1.046952e+02
1.031740e+01  1.036952e+02
1.031233e+01  1.026952e+02
1.030725e+01  1.016952e+02
1.030217e+01  1.006952e+02
1.029708e+01  9.969515e+01
1.029198e+01  9.869515e+01
1.028687e+01  9.769515e+01
1.028176e+01  9.669515e+01
1.027664e+01  9.569515e+01
1.027150e+01  9.469515e+01
1.026635e+01  9.369515e+01
1.026119e+01  9.269515e+01
1.025602e+01  9.169515e+01
1.025083e+01  9.069515e+01
1.024563e+01  8.969515e+01
1.024041e+01  8.869515e+01
1.023517e+01  8.769515e+01
1.022991e+01  8.669515e+01
1.022463e+01  8.569515e+01
1.021934e+01  8.469515e+01
1.021402e+01  8.369515e+01
1.020868e+01  8.269515e+01
1.020331e+01  8.169515e+01
1.019792e+01  8.069515e+01
1.019250e+01  7.969515e+01
1.018705e+01  7.869515e+01
1.018157e+01  7.769515e+01
1.017607e+01  7.669515e+01
1.017053e+01  7.569515e+01
1.016496e+01  7.469515e+01
1.015935e+01  7.369515e+01
1.015370e+01  7.269515e+01
1.014802e+01  7.169515e+01
1.014230e+01  7.069515e+01
1.013653e+01  6.969515e+01
1.013072e+01  6.869515e+01
1.012486e+01  6.769515e+01
1.011896e+01  6.669515e+01
1.011300e+01  6.569515e+01
1.010699e+01  6.469515e+01
1.010093e+01  6.369515e+01
1.009481e+01  6.269515e+01
1.008863e+01  6.169515e+01
1.008238e+01  6.069515e+01
1.007607e+01  5.969515e+01
1.006968e+01  5.869515e+01
1.006323e+01  5.769515e+01
1.005669e+01  5.669515e+01
1.005007e+01  5.569515e+01
1.004337e+01  5.469515e+01
1.003658e+01  5.369515e+01
1.002969e+01  5.269515e+01
1.002270e+01  5.169515e+01
1.001560e+01  5.069515e+01
1.000839e+01  4.969515e+01
1.000105e+01  4.869515e+01
9.993593e+00  4.769515e+01
9.985995e+00  4.669515e+01
9.978251e+00  4.569515e+01
9.970350e+00  4.469515e+01
9.962282e+00  4.369515e+01
9.954033e+00  4.269515e+01
9.945589e+00  4.169515e+01
9.936934e+00  4.069515e+01
9.928051e+00  3.969515e+01
9.918917e+00  3.869515e+01
9.909510e+00  3.769515e+01
9.899801e+00  3.669515e+01
9.889758e+00  3.569515e+01
9.879343e+00  3.469515e+01
9.868511e+00  3.369515e+01
9.857204e+00  3.269515e+01
9.845355e+00  3.169515e+01
9.832877e+00  3.069515e+01
9.819661e+00  2.969515e+01
9.805558e+00  2.869515e+01
9.790370e+00  2.769515e+01
9.773809e+00  2.669515e+01
9.755438e+00  2.569515e+01
9.734531e+00  2.469515e+01
9.709708e+00  2.369515e+01
9.677587e+00  2.269515e+01
9.620163e+00  2.169515e+01
1.093219e+01  1.816952e+02
1.097761e+01  1.806952e+02
1.100161e+01  1.796952e+02
1.102026e+01  1.786952e+02
1.103609e+01  1.776952e+02
1.105011e+01  1.766952e+02
1.106283e+01  1.756952e+02
1.107458e+01  1.746952e+02
1.108555e+01  1.736952e+02
1.109590e+01  1.726952e+02
1.110572e+01  1.716952e+02
1.111509e+01  1.706952e+02
1.112407e+01  1.696952e+02
1.113272e+01  1.686952e+02
1.114107e+01  1.676952e+02
1.114915e+01  1.666952e+02
1.115700e+01  1.656952e+02
1.116463e+01  1.646952e+02
1.117206e+01  1.636952e+02
1.117932e+01  1.626952e+02
1.118641e+01  1.616952e+02
1.119336e+01  1.606952e+02
1.120016e+01  1.596952e+02
1.120684e+01  1.586952e+02
1.121340e+01  1.576952e+02
1.121984e+01  1.566952e+02
1.122618e+01  1.556952e+02
1.123243e+01  1.546952e+02
1.123858e+01  1.536952e+02
1.124465e+01  1.526952e+02
1.125063e+01  1.516952e+02
1.125654e+01  1.506952e+02
1.126238e+01  1.496952e+02
1.126815e+01  1.486952e+02
1.127386e+01  1.476952e+02
1.127950e+01  1.466952e+02
1.128509e+01  1.456952e+02
1.129063e+01  1.446952e+02
1.129611e+01  1.436952e+02
1.130154e+01  1.426952e+02
1.130693e+01  1.416952e+02
1.131227e+01  1.406952e+02
1.131758e+01  1.396952e+02
1.132284e+01  1.386952e+02
1.132806e+01  1.376952e+02
1.133325e+01  1.366952e+02
1.133840e+01  1.356952e+02
1.134352e+01  1.346952e+02
1.134861e+01  1.336952e+02
1.135367e+01  1.326952e+02
1.135870e+01  1.316952e+02
1.136370e+01  1.306952e+02
1.136868e+01  1.296952e+02
1.137363e+01  1.286952e+02
1.137857e+01  1.276952e+02
1.138348e+01  1.266952e+02
1.138836e+01  1.256952e+02
1.139324e+01  1.246952e+02
1.139809e+01  1.236952e+02
1.140292e+01  1.226952e+02
1.140774e+01  1.216952e+02
1.141254e+01  1.206952e+02
1.141733e+01  1.196952e+02
1.142211e+01  1.186952e+02
1.142687e+01  1.176952e+02
1.143162e+01  1.166952e+02
1.143636e+01  1.156952e+02
1.144110e+01  1.146952e+02
1.144582e+01  1.136952e+02
1.145053e+01  1.126952e+02
1.145524e+01  1.116952e+02
1.145994e+01  1.106952e+02
1.146464e+01  1.096952e+02
1.146933e+01  1.086952e+02
1.147401e+01  1.076952e+02
1.147869e+01  1.066952e+02
1.148337e+01  1.056952e+02
1.148805e+01  1.046952e+02
1.149273e+01  1.036952e+02
1.149741e+01  1.026952e+02
1.150208e+01  1.016952e+02
1.150676e+01  1.006952e+02
1.151144e+01  9.969515e+01
1.151612e+01  9.869515e+01
1.152081e+01  9.769515e+01
1.152550e+01  9.669515e+01
1.153020e+01  9.569515e+01
1.153490e+01  9.469515e+01
1.153961e+01  9.369515e+01
1.154432e+01  9.269515e+01
1.154905e+01  9.169515e+01
1.155378e+01  9.069515e+01
1.155852e+01  8.969515e+01
1.156328e+01  8.869515e+01
1.156804e+01  8.769515e+01
1.157282e+01  8.669515e+01
1.157761e+01  8.569515e+01
1.158241e+01  8.469515e+01
1.158723e+01  8.369515e+01
1.159207e+01  8.269515e+01
1.159692e+01  8.169515e+01
1.160179e+01  8.069515e+01
1.160668e+01  7.969515e+01
1.161159e+01  7.869515e+01
1.161653e+01  7.769515e+01
1.162148e+01  7.669515e+01
1.162646e+01  7.569515e+01
1.163146e+01  7.469515e+01
1.163649e+01  7.369515e+01
1.164155e+01  7.269515e+01
1.164663e+01  7.169515e+01
1.165175e+01  7.069515e+01
1.165689e+01  6.969515e+01
1.166207e+01  6.869515e+01
1.166729e+01  6.769515e+01
1.167254e+01  6.669515e+01
1.167783e+01  6.569515e+01
1.168316e+01  6.469515e+01
1.168854e+01  6.369515e+01
1.169395e+01  6.269515e+01
1.169942e+01  6.169515e+01
1.170493e+01  6.069515e+01
1.171050e+01  5.969515e+01
1.171612e+01  5.869515e+01
1.172179e+01  5.769515e+01
1.172753e+01  5.669515e+01
1.173333e+01  5.569515e+01
1.173920e+01  5.469515e+01
1.174514e+01  5.369515e+01
1.175115e+01  5.269515e+01
1.175724e+01  5.169515e+01
1.176342e+01  5.069515e+01
1.176968e+01  4.969515e+01
1.177604e+01  4.869515e+01
1.178250e+01  4.769515e+01
1.178906e+01  4.669515e+01
1.179574e+01  4.569515e+01
1.180254e+01  4.469515e+01
1.180948e+01  4.369515e+01
1.181655e+01  4.269515e+01
1.182378e+01  4.169515e+01
1.183117e+01  4.069515e+01
1.183874e+01  3.969515e+01
1.184651e+01  3.869515e+01
1.185449e+01  3.769515e+01
1.186271e+01  3.669515e+01
1.187119e+01  3.569515e+01
1.187996e+01  3.469515e+01
1.188906e+01  3.369515e+01
1.189853e+01  3.269515e+01
1.190843e+01  3.169515e+01
1.191882e+01  3.069515e+01
1.192978e+01  2.969515e+01
1.194145e+01  2.869515e+01
1.195396e+01  2.769515e+01
1.196754e+01  2.669515e+01
1.198254e+01  2.569515e+01
1.199952e+01  2.469515e+01
1.201956e+01  2.369515e+01
1.204529e+01  2.269515e+01
1.209071e+01  2.169515e+01
1.312752e+01  8.380853e+01
1.316100e+01  8.280853e+01
1.318700e+01  8.180853e+01
1.320917e+01  8.080853e+01
1.322891e+01  7.980853e+01
1.324695e+01  7.880853e+01
1.326372e+01  7.780853e+01
1.327950e+01  7.680853e+01
1.329448e+01  7.580853e+01
1.330880e+01  7.480853e+01
1.332257e+01  7.380853e+01
1.333588e+01  7.280853e+01
1.334879e+01  7.180853e+01
1.336135e+01  7.080853e+01
1.337362e+01  6.980853e+01
1.338562e+01  6.880853e+01
1.339739e+01  6.780853e+01
1.340896e+01  6.680853e+01
1.342036e+01  6.580853e+01
1.343160e+01  6.480853e+01
1.344271e+01  6.380853e+01
1.345369e+01  6.280853e+01
1.346458e+01  6.180853e+01
1.347538e+01  6.080853e+01
1.348611e+01  5.980853e+01
1.349678e+01  5.880853e+01
1.350741e+01  5.780853e+01
1.351799e+01  5.680853e+01
1.352856e+01  5.580853e+01
1.353911e+01  5.480853e+01
1.354965e+01  5.380853e+01
1.356021e+01  5.280853e+01
1.357079e+01  5.180853e+01
1.358139e+01  5.080853e+01
1.359204e+01  4.980853e+01
1.360274e+01  4.880853e+01
1.361351e+01  4.780853e+01
1.362435e+01  4.680853e+01
1.363528e+01  4.580853e+01
1.364632e+01  4.480853e+01
1.365747e+01  4.380853e+01
1.366876e+01  4.280853e+01
1.368021e+01  4.180853e+01
1.369182e+01  4.080853e+01
1.370363e+01  3.980853e+01
1.371565e+01  3.880853e+01
1.372792e+01  3.780853e+01
1.374047e+01  3.680853e+01
1.375332e+01  3.580853e+01
1.376654e+01  3.480853e+01
1.378015e+01  3.380853e+01
1.379423e+01  3.280853e+01
1.380885e+01  3.180853e+01
1.382410e+01  3.080853e+01
1.384010e+01  2.980853e+01
1.385700e+01  2.880853e+01
1.387502e+01  2.780853e+01
1.389445e+01  2.680853e+01
1.391574e+01  2.580853e+01
1.393964e+01  2.480853e+01
1.396752e+01  2.380853e+01
1.400265e+01  2.280853e+01
1.405943e+01  2.180853e+01
1.296823e+01  8.380853e+01
1.293540e+01  8.280853e+01
1.291006e+01  8.180853e+01
1.288856e+01  8.080853e+01
1.286949e+01  7.980853e+01
1.285214e+01  7.880853e+01
1.283607e+01  7.780853e+01
1.282100e+01  7.680853e+01
1.280674e+01  7.580853e+01
1.279314e+01  7.480853e+01
1.278011e+01  7.380853e+01
1.276756e+01  7.280853e+01
1.275541e+01  7.180853e+01
1.274363e+01  7.080853e+01
1.273215e+01  6.980853e+01
1.272095e+01  6.880853e+01
1.271000e+01  6.780853e+01
1.269925e+01  6.680853e+01
1.268871e+01  6.580853e+01
1.267833e+01  6.480853e+01
1.266810e+01  6.380853e+01
1.265800e+01  6.280853e+01
1.264803e+01  6.180853e+01
1.263815e+01  6.080853e+01
1.262837e+01  5.980853e+01
1.261867e+01  5.880853e+01
1.260904e+01  5.780853e+01
1.259946e+01  5.680853e+01
1.258993e+01  5.580853e+01
1.258044e+01  5.480853e+01
1.257097e+01  5.380853e+01
1.256153e+01  5.280853e+01
1.255209e+01  5.180853e+01
1.254265e+01  5.080853e+01
1.253320e+01  4.980853e+01
1.252373e+01  4.880853e+01
1.251423e+01  4.780853e+01
1.250469e+01  4.680853e+01
1.249511e+01  4.580853e+01
1.248546e+01  4.480853e+01
1.247574e+01  4.380853e+01
1.246593e+01  4.280853e+01
1.245603e+01  4.180853e+01
1.244601e+01  4.080853e+01
1.243586e+01  3.980853e+01
1.242556e+01  3.880853e+01
1.241509e+01  3.780853e+01
1.240443e+01  3.680853e+01
1.239355e+01  3.580853e+01
1.238243e+01  3.480853e+01
1.237101e+01  3.380853e+01
1.235926e+01  3.280853e+01
1.234712e+01  3.180853e+01
1.233453e+01  3.080853e+01
1.232140e+01  2.980853e+01
1.230762e+01  2.880853e+01
1.229304e+01  2.780853e+01
1.227743e+01  2.680853e+01
1.226048e+01  2.580853e+01
1.224165e+01  2.480853e+01
1.221995e+01  2.380853e+01
1.219303e+01  2.280853e+01
1.215061e+01  2.180853e+01
1.498563e+01  5.595258e+01
1.493248e+01  5.495258e+01
1.489352e+01  5.395258e+01
1.486101e+01  5.295258e+01
1.483236e+01  5.195258e+01
1.480632e+01  5.095258e+01
1.478218e+01  4.995258e+01
1.475948e+01  4.895258e+01
1.473790e+01  4.795258e+01
1.471721e+01  4.695258e+01
1.469725e+01  4.595258e+01
1.467788e+01  4.495258e+01
1.465898e+01  4.395258e+01
1.464046e+01  4.295258e+01
1.462224e+01  4.195258e+01
1.460426e+01  4.095258e+01
1.458644e+01  3.995258e+01
1.456873e+01  3.895258e+01
1.455107e+01  3.795258e+01
1.453340e+01  3.695258e+01
1.451566e+01  3.595258e+01
1.449779e+01  3.495258e+01
1.447973e+01  3.395258e+01
1.446140e+01  3.295258e+01
1.444271e+01  3.195258e+01
1.442356e+01  3.095258e+01
1.440384e+01  2.995258e+01
1.438337e+01  2.895258e+01
1.436196e+01  2.795258e+01
1.433930e+01  2.695258e+01
1.431497e+01  2.595258e+01
1.428827e+01  2.495258e+01
1.425796e+01  2.395258e+01
1.422120e+01  2.295258e+01
1.416741e+01  2.195258e+01
1.518095e+01  5.595258e+01
1.523690e+01  5.495258e+01
1.527875e+01  5.395258e+01
1.531422e+01  5.295258e+01
1.534592e+01  5.195258e+01
1.537510e+01  5.095258e+01
1.540248e+01  4.995258e+01
1.542853e+01  4.895258e+01
1.545356e+01  4.795258e+01
1.547781e+01  4.695258e+01
1.550147e+01  4.595258e+01
1.552468e+01  4.495258e+01
1.554755e+01  4.395258e+01
1.557021e+01  4.295258e+01
1.559274e+01  4.195258e+01
1.561522e+01  4.095258e+01
1.563774e+01  3.995258e+01
1.566038e+01  3.895258e+01
1.568322e+01  3.795258e+01
1.570635e+01  3.695258e+01
1.572985e+01  3.595258e+01
1.575383e+01  3.495258e+01
1.577841e+01  3.395258e+01
1.580371e+01  3.295258e+01
1.582989e+01  3.195258e+01
1.585715e+01  3.095258e+01
1.588573e+01  2.995258e+01
1.591594e+01  2.895258e+01
1.594823e+01  2.795258e+01
1.598319e+01  2.695258e+01
1.602175e+01  2.595258e+01
1.606541e+01  2.495258e+01
1.611695e+01  2.395258e+01
1.618273e+01  2.295258e+01
1.628733e+01  2.195258e+01
1.091810e+01  1.756952e+02
1.089055e+01  1.746952e+02
1.087117e+01  1.736952e+02
1.085534e+01  1.726952e+02
1.084162e+01  1.716952e+02
1.082936e+01  1.706952e+02
1.081816e+01  1.696952e+02
1.080781e+01  1.686952e+02
1.079813e+01  1.676952e+02
1.078901e+01  1.666952e+02
1.078036e+01  1.656952e+02
1.077213e+01  1.646952e+02
1.076426e+01  1.636952e+02
1.075671e+01  1.626952e+02
1.074944e+01  1.616952e+02
1.074244e+01  1.606952e+02
1.073566e+01  1.596952e+02
1.072910e+01  1.586952e+02
1.072274e+01  1.576952e+02
1.071657e+01  1.566952e+02
1.071056e+01  1.556952e+02
1.070471e+01  1.546952e+02
1.069902e+01  1.536952e+02
1.069346e+01  1.526952e+02
1.068805e+01  1.516952e+02
1.068276e+01  1.506952e+02
1.067759e+01  1.496952e+02
1.067254e+01  1.486952e+02
1.066760e+01  1.476952e+02
1.066277e+01  1.466952e+02
1.065804e+01  1.456952e+02
1.065341e+01  1.446952e+02
1.064889e+01  1.436952e+02
1.064446e+01  1.426952e+02
1.064012e+01  1.416952e+02
1.063588e+01  1.406952e+02
1.063172e+01  1.396952e+02
1.062766e+01  1.386952e+02
1.062368e+01  1.376952e+02
1.061979e+01  1.366952e+02
1.061598e+01  1.356952e+02
1.061226e+01  1.346952e+02
1.060862e+01  1.336952e+02
1.060507e+01  1.326952e+02
1.060161e+01  1.316952e+02
1.059823e+01  1.306952e+02
1.059493e+01  1.296952e+02
1.059172e+01  1.286952e+02
1.058860e+01  1.276952e+02
1.058557e+01  1.266952e+02
1.058262e+01  1.256952e+02
1.057976e+01  1.246952e+02
1.057700e+01  1.236952e+02
1.057433e+01  1.226952e+02
1.057175e+01  1.216952e+02
1.056927e+01  1.206952e+02
1.056689e+01  1.196952e+02
1.056462e+01  1.186952e+02
1.056244e+01  1.176952e+02
1.056038e+01  1.166952e+02
1.055842e+01  1.156952e+02
1.055658e+01  1.146952e+02
1.055486e+01  1.136952e+02
1.055326e+01  1.126952e+02
1.055178e+01  1.116952e+02
1.055043e+01  1.106952e+02
1.054922e+01  1.096952e+02
1.054815e+01  1.086952e+02
1.054723e+01  1.076952e+02
1.054645e+01  1.066952e+02
1.054584e+01  1.056952e+02
1.054539e+01  1.046952e+02
1.054511e+01  1.036952e+02
1.054500e+01  1.026952e+02
1.054509e+01  1.016952e+02
1.054536e+01  1.006952e+02
1.054584e+01  9.969515e+01
1.054653e+01  9.869515e+01
1.054745e+01  9.769515e+01
1.054859e+01  9.669515e+01
1.054998e+01  9.569515e+01
1.055161e+01  9.469515e+01
1.055351e+01  9.369515e+01
1.055569e+01  9.269515e+01
1.055815e+01  9.169515e+01
1.056091e+01  9.069515e+01
1.056398e+01  8.969515e+01
1.056737e+01  8.869515e+01
1.057110e+01  8.769515e+01
1.057518e+01  8.669515e+01
1.057962e+01  8.569515e+01
1.058443e+01  8.469515e+01
1.058963e+01  8.369515e+01
1.059522e+01  8.269515e+01
1.060122e+01  8.169515e+01
1.060763e+01  8.069515e+01
1.061447e+01  7.969515e+01
1.062173e+01  7.869515e+01
1.062943e+01  7.769515e+01
1.063756e+01  7.669515e+01
1.064613e+01  7.569515e+01
1.065514e+01  7.469515e+01
1.066458e+01  7.369515e+01
1.067444e+01  7.269515e+01
1.068472e+01  7.169515e+01
1.069540e+01  7.069515e+01
1.070648e+01  6.969515e+01
1.071793e+01  6.869515e+01
1.072974e+01  6.769515e+01
1.074190e+01  6.669515e+01
1.075437e+01  6.569515e+01
1.076715e+01  6.469515e+01
1.078021e+01  6.369515e+01
1.079352e+01  6.269515e+01
1.080708e+01  6.169515e+01
1.082085e+01  6.069515e+01
1.083482e+01  5.969515e+01
1.084897e+01  5.869515e+01
1.086328e+01  5.769515e+01
1.087774e+01  5.669515e+01
1.089232e+01  5.569515e+01
1.090703e+01  5.469515e+01
1.092184e+01  5.369515e+01
1.093675e+01  5.269515e+01
1.095176e+01  5.169515e+01
1.096685e+01  5.069515e+01
1.098201e+01  4.969515e+01
1.099726e+01  4.869515e+01
1.101259e+01  4.769515e+01
1.102800e+01  4.669515e+01
1.104349e+01  4.569515e+01
1.105907e+01  4.469515e+01
1.107475e+01  4.369515e+01
1.109054e+01  4.269515e+01
1.110644e+01  4.169515e+01
1.112248e+01  4.069515e+01
1.113867e+01  3.969515e+01
1.115504e+01  3.869515e+01
1.117160e+01  3.769515e+01
1.118838e+01  3.669515e+01
1.120542e+01  3.569515e+01
1.122276e+01  3.469515e+01
1.124045e+01  3.369515e+01
1.125855e+01  3.269515e+01
1.127713e+01  3.169515e+01
1.129629e+01  3.069515e+01
1.131613e+01  2.969515e+01
1.133683e+01  2.869515e+01
1.135859e+01  2.769515e+01
1.138171e+01  2.669515e+01
1.140668e+01  2.569515e+01
1.143425e+01  2.469515e+01
1.146589e+01  2.369515e+01
1.150521e+01  2.269515e+01
1.157136e+01  2.169515e+01
1.100389e+01  1.756952e+02
1.103204e+01  1.746952e+02
1.105203e+01  1.736952e+02
1.106848e+01  1.726952e+02
1.108284e+01  1.716952e+02
1.109575e+01  1.706952e+02
1.110761e+01  1.696952e+02
1.111865e+01  1.686952e+02
1.112903e+01  1.676952e+02
1.113886e+01  1.666952e+02
1.114823e+01  1.656952e+02
1.115721e+01  1.646952e+02
1.116584e+01  1.636952e+02
1.117417e+01  1.626952e+02
1.118224e+01  1.616952e+02
1.119007e+01  1.606952e+02
1.119768e+01  1.596952e+02
1.120510e+01  1.586952e+02
1.121234e+01  1.576952e+02
1.121942e+01  1.566952e+02
1.122634e+01  1.556952e+02
1.123314e+01  1.546952e+02
1.123980e+01  1.536952e+02
1.124635e+01  1.526952e+02
1.125279e+01  1.516952e+02
1.125912e+01  1.506952e+02
1.126536e+01  1.496952e+02
1.127152e+01  1.486952e+02
1.127758e+01  1.476952e+02
1.128357e+01  1.466952e+02
1.128949e+01  1.456952e+02
1.129533e+01  1.446952e+02
1.130111e+01  1.436952e+02
1.130683e+01  1.426952e+02
1.131249e+01  1.416952e+02
1.131809e+01  1.406952e+02
1.132364e+01  1.396952e+02
1.132914e+01  1.386952e+02
1.133460e+01  1.376952e+02
1.134001e+01  1.366952e+02
1.134538e+01  1.356952e+02
1.135070e+01  1.346952e+02
1.135599e+01  1.336952e+02
1.136125e+01  1.326952e+02
1.136646e+01  1.316952e+02
1.137165e+01  1.306952e+02
1.137681e+01  1.296952e+02
1.138193e+01  1.286952e+02
1.138703e+01  1.276952e+02
1.139211e+01  1.266952e+02
1.139715e+01  1.256952e+02
1.140218e+01  1.246952e+02
1.140718e+01  1.236952e+02
1.141216e+01  1.226952e+02
1.141712e+01  1.216952e+02
1.142207e+01  1.206952e+02
1.142699e+01  1.196952e+02
1.143190e+01  1.186952e+02
1.143680e+01  1.176952e+02
1.144168e+01  1.166952e+02
1.144654e+01  1.156952e+02
1.145140e+01  1.146952e+02
1.145624e+01  1.136952e+02
1.146107e+01  1.126952e+02
1.146590e+01  1.116952e+02
1.147071e+01  1.106952e+02
1.147552e+01  1.096952e+02
1.148032e+01  1.086952e+02
1.148512e+01  1.076952e+02
1.148991e+01  1.066952e+02
1.149470e+01  1.056952e+02
1.149948e+01  1.046952e+02
1.150426e+01  1.036952e+02
1.150904e+01  1.026952e+02
1.151382e+01  1.016952e+02
1.151860e+01  1.006952e+02
1.152338e+01  9.969515e+01
1.152816e+01  9.869515e+01
1.153294e+01  9.769515e+01
1.153773e+01  9.669515e+01
1.154252e+01  9.569515e+01
1.154732e+01  9.469515e+01
1.155212e+01  9.369515e+01
1.155693e+01  9.269515e+01
1.156174e+01  9.169515e+01
1.156657e+01  9.069515e+01
1.157140e+01  8.969515e+01
1.157625e+01  8.869515e+01
1.158110e+01  8.769515e+01
1.158597e+01  8.669515e+01
1.159085e+01  8.569515e+01
1.159574e+01  8.469515e+01
1.160065e+01  8.369515e+01
1.160558e+01  8.269515e+01
1.161052e+01  8.169515e+01
1.161548e+01  8.069515e+01
1.162045e+01  7.969515e+01
1.162545e+01  7.869515e+01
1.163047e+01  7.769515e+01
1.163551e+01  7.669515e+01
1.164058e+01  7.569515e+01
1.164567e+01  7.469515e+01
1.165078e+01  7.369515e+01
1.165593e+01  7.269515e+01
1.166110e+01  7.169515e+01
1.166630e+01  7.069515e+01
1.167154e+01  6.969515e+01
1.167681e+01  6.869515e+01
1.168211e+01  6.769515e+01
1.168745e+01  6.669515e+01
1.169283e+01  6.569515e+01
1.169825e+01  6.469515e+01
1.170372e+01  6.369515e+01
1.170923e+01  6.269515e+01
1.171478e+01  6.169515e+01
1.172039e+01  6.069515e+01
1.172605e+01  5.969515e+01
1.173176e+01  5.869515e+01
1.173753e+01  5.769515e+01
1.174336e+01  5.669515e+01
1.174926e+01  5.569515e+01
1.175522e+01  5.469515e+01
1.176125e+01  5.369515e+01
1.176736e+01  5.269515e+01
1.177356e+01  5.169515e+01
1.177983e+01  5.069515e+01
1.178620e+01  4.969515e+01
1.179266e+01  4.869515e+01
1.179922e+01  4.769515e+01
1.180589e+01  4.669515e+01
1.181268e+01  4.569515e+01
1.181959e+01  4.469515e+01
1.182663e+01  4.369515e+01
1.183382e+01  4.269515e+01
1.184116e+01  4.169515e+01
1.184867e+01  4.069515e+01
1.185636e+01  3.969515e+01
1.186425e+01  3.869515e+01
1.187235e+01  3.769515e+01
1.188070e+01  3.669515e+01
1.188931e+01  3.569515e+01
1.189821e+01  3.469515e+01
1.190745e+01  3.369515e+01
1.191706e+01  3.269515e+01
1.192710e+01  3.169515e+01
1.193763e+01  3.069515e+01
1.194875e+01  2.969515e+01
1.196057e+01  2.869515e+01
1.197325e+01  2.769515e+01
1.198700e+01  2.669515e+01
1.200218e+01  2.569515e+01
1.201935e+01  2.469515e+01
1.203959e+01  2.369515e+01
1.206554e+01  2.269515e+01
1.211124e+01  2.169515e+01
1.316811e+01  8.180853e+01
1.319457e+01  8.080853e+01
1.321703e+01  7.980853e+01
1.323698e+01  7.880853e+01
1.325519e+01  7.780853e+01
1.327210e+01  7.680853e+01
1.328800e+01  7.580853e+01
1.330309e+01  7.480853e+01
1.331752e+01  7.380853e+01
1.333139e+01  7.280853e+01
1.334479e+01  7.180853e+01
1.335779e+01  7.080853e+01
1.337044e+01  6.980853e+01
1.338279e+01  6.880853e+01
1.339488e+01  6.780853e+01
1.340674e+01  6.680853e+01
1.341839e+01  6.580853e+01
1.342988e+01  6.480853e+01
1.344121e+01  6.380853e+01
1.345240e+01  6.280853e+01
1.346348e+01  6.180853e+01
1.347446e+01  6.080853e+01
1.348536e+01  5.980853e+01
1.349619e+01  5.880853e+01
1.350696e+01  5.780853e+01
1.351769e+01  5.680853e+01
1.352838e+01  5.580853e+01
1.353906e+01  5.480853e+01
1.354972e+01  5.380853e+01
1.356039e+01  5.280853e+01
1.357108e+01  5.180853e+01
1.358179e+01  5.080853e+01
1.359253e+01  4.980853e+01
1.360333e+01  4.880853e+01
1.361418e+01  4.780853e+01
1.362511e+01  4.680853e+01
1.363613e+01  4.580853e+01
1.364724e+01  4.480853e+01
1.365848e+01  4.380853e+01
1.366984e+01  4.280853e+01
1.368135e+01  4.180853e+01
1.369304e+01  4.080853e+01
1.370491e+01  3.980853e+01
1.371700e+01  3.880853e+01
1.372933e+01  3.780853e+01
1.374194e+01  3.680853e+01
1.375485e+01  3.580853e+01
1.376812e+01  3.480853e+01
1.378179e+01  3.380853e+01
1.379593e+01  3.280853e+01
1.381060e+01  3.180853e+01
1.382590e+01  3.080853e+01
1.384195e+01  2.980853e+01
1.385890e+01  2.880853e+01
1.387697e+01  2.780853e+01
1.389644e+01  2.680853e+01
1.391778e+01  2.580853e+01
1.394173e+01  2.480853e+01
1.396966e+01  2.380853e+01
1.400484e+01  2.280853e+01
1.406167e+01  2.180853e+01
1.294695e+01  8.180853e+01
1.292121e+01  8.080853e+01
1.289948e+01  7.980853e+01
1.288027e+01  7.880853e+01
1.286281e+01  7.780853e+01
1.284666e+01  7.680853e+01
1.283153e+01  7.580853e+01
1.281722e+01  7.480853e+01
1.280359e+01  7.380853e+01
1.279052e+01  7.280853e+01
1.277794e+01  7.180853e+01
1.276578e+01  7.080853e+01
1.275397e+01  6.980853e+01
1.274248e+01  6.880853e+01
1.273127e+01  6.780853e+01
1.272030e+01  6.680853e+01
1.270955e+01  6.580853e+01
1.269899e+01  6.480853e+01
1.268860e+01  6.380853e+01
1.267836e+01  6.280853e+01
1.266825e+01  6.180853e+01
1.265826e+01  6.080853e+01
1.264838e+01  5.980853e+01
1.263859e+01  5.880853e+01
1.262887e+01  5.780853e+01
1.261922e+01  5.680853e+01
1.260963e+01  5.580853e+01
1.260008e+01  5.480853e+01
1.259057e+01  5.380853e+01
1.258108e+01  5.280853e+01
1.257161e+01  5.180853e+01
1.256215e+01  5.080853e+01
1.255268e+01  4.980853e+01
1.254319e+01  4.880853e+01
1.253368e+01  4.780853e+01
1.252414e+01  4.680853e+01
1.251455e+01  4.580853e+01
1.250491e+01  4.480853e+01
1.249520e+01  4.380853e+01
1.248540e+01  4.280853e+01
1.247552e+01  4.180853e+01
1.246552e+01  4.080853e+01
1.245540e+01  3.980853e+01
1.244513e+01  3.880853e+01
1.243470e+01  3.780853e+01
1.242408e+01  3.680853e+01
1.241324e+01  3.580853e+01
1.240216e+01  3.480853e+01
1.239080e+01  3.380853e+01
1.237910e+01  3.280853e+01
1.236703e+01  3.180853e+01
1.235450e+01  3.080853e+01
1.234144e+01  2.980853e+01
1.232773e+01  2.880853e+01
1.231323e+01  2.780853e+01
1.229770e+01  2.680853e+01
1.228083e+01  2.580853e+01
1.226209e+01  2.480853e+01
1.224047e+01  2.380853e+01
1.221364e+01  2.280853e+01
1.217127e+01  2.180853e+01
1.497610e+01  5.595258e+01
1.492760e+01  5.495258e+01
1.489049e+01  5.395258e+01
1.485904e+01  5.295258e+01
1.483110e+01  5.195258e+01
1.480558e+01  5.095258e+01
1.478183e+01  4.995258e+01
1.475945e+01  4.895258e+01
1.473813e+01  4.795258e+01
1.471767e+01  4.695258e+01
1.469790e+01  4.595258e+01
1.467868e+01  4.495258e+01
1.465993e+01  4.395258e+01
1.464154e+01  4.295258e+01
1.462344e+01  4.195258e+01
1.460556e+01  4.095258e+01
1.458783e+01  3.995258e+01
1.457021e+01  3.895258e+01
1.455263e+01  3.795258e+01
1.453503e+01  3.695258e+01
1.451736e+01  3.595258e+01
1.449955e+01  3.495258e+01
1.448155e+01  3.395258e+01
1.446327e+01  3.295258e+01
1.444463e+01  3.195258e+01
1.442554e+01  3.095258e+01
1.440586e+01  2.995258e+01
1.438543e+01  2.895258e+01
1.436405e+01  2.795258e+01
1.434143e+01  2.695258e+01
1.431714e+01  2.595258e+01
1.429047e+01  2.495258e+01
1.426019e+01  2.395258e+01
1.422345e+01  2.295258e+01
1.416969e+01  2.195258e+01
1.519997e+01  5.595258e+01
1.525131e+01  5.495258e+01
1.529133e+01  5.395258e+01
1.532577e+01  5.295258e+01
1.535679e+01  5.195258e+01
1.538548e+01  5.095258e+01
1.541250e+01  4.995258e+01
1.543826e+01  4.895258e+01
1.546306e+01  4.795258e+01
1.548713e+01  4.695258e+01
1.551064e+01  4.595258e+01
1.553372e+01  4.495258e+01
1.555649e+01  4.395258e+01
1.557906e+01  4.295258e+01
1.560152e+01  4.195258e+01
1.562394e+01  4.095258e+01
1.564642e+01  3.995258e+01
1.566902e+01  3.895258e+01
1.569184e+01  3.795258e+01
1.571495e+01  3.695258e+01
1.573845e+01  3.595258e+01
1.576243e+01  3.495258e+01
1.578702e+01  3.395258e+01
1.581234e+01  3.295258e+01
1.583856e+01  3.195258e+01
1.586586e+01  3.095258e+01
1.589450e+01  2.995258e+01
1.592479e+01  2.895258e+01
1.595717e+01  2.795258e+01
1.599225e+01  2.695258e+01
1.603096e+01  2.595258e+01
1.607481e+01  2.495258e+01
1.612662e+01  2.395258e+01
1.619282e+01  2.295258e+01
1.629829e+01  2.195258e+01
