1.089496e+01  1.836952e+02
1.085321e+01  1.826952e+02
1.082949e+01  1.816952e+02
1.081086e+01  1.806952e+02
1.079496e+01  1.796952e+02
1.078084e+01  1.786952e+02
1.076798e+01  1.776952e+02
1.075608e+01  1.766952e+02
1.074494e+01  1.756952e+02
1.073443e+01  1.746952e+02
1.072443e+01  1.736952e+02
1.071487e+01  1.726952e+02
1.070570e+01  1.716952e+02
1.069686e+01  1.706952e+02
1.068831e+01  1.696952e+02
1.068003e+01  1.686952e+02
1.067198e+01  1.676952e+02
1.066414e+01  1.666952e+02
1.065649e+01  1.656952e+02
1.064902e+01  1.646952e+02
1.064171e+01  1.636952e+02
1.063455e+01  1.626952e+02
1.062753e+01  1.616952e+02
1.062063e+01  1.606952e+02
1.061385e+01  1.596952e+02
1.060718e+01  1.586952e+02
1.060061e+01  1.576952e+02
1.059413e+01  1.566952e+02
1.058775e+01  1.556952e+02
1.058145e+01  1.546952e+02
1.057522e+01  1.536952e+02
1.056907e+01  1.526952e+02
1.056299e+01  1.516952e+02
1.055698e+01  1.506952e+02
1.055103e+01  1.496952e+02
1.054514e+01  1.486952e+02
1.053930e+01  1.476952e+02
1.053351e+01  1.466952e+02
1.052778e+01  1.456952e+02
1.052209e+01  1.446952e+02
1.051644e+01  1.436952e+02
1.051084e+01  1.426952e+02
1.050528e+01  1.416952e+02
1.049975e+01  1.406952e+02
1.049427e+01  1.396952e+02
1.048881e+01  1.386952e+02
1.048339e+01  1.376952e+02
1.047800e+01  1.366952e+02
1.047263e+01  1.356952e+02
1.046730e+01  1.346952e+02
1.046199e+01  1.336952e+02
1.045670e+01  1.326952e+02
1.045144e+01  1.316952e+02
1.044620e+01  1.306952e+02
1.044098e+01  1.296952e+02
1.043577e+01  1.286952e+02
1.043059e+01  1.276952e+02
1.042542e+01  1.266952e+02
1.042027e+01  1.256952e+02
1.041514e+01  1.246952e+02
1.041001e+01  1.236952e+02
1.040490e+01  1.226952e+02
1.039980e+01  1.216952e+02
1.039472e+01  1.206952e+02
1.038964e+01  1.196952e+02
1.038457e+01  1.186952e+02
1.037950e+01  1.176952e+02
1.037445e+01  1.166952e+02
1.036940e+01  1.156952e+02
1.036435e+01  1.146952e+02
1.035931e+01  1.136952e+02
1.035428e+01  1.126952e+02
1.034924e+01  1.116952e+02
1.034421e+01  1.106952e+02
1.033918e+01  1.096952e+02
1.033414e+01  1.086952e+02
1.032911e+01  1.076952e+02
1.032408e+01  1.066952e+02
1.031904e+01  1.056952e+02
1.031400e+01  1.046952e+02
1.030895e+01  1.036952e+02
1.030390e+01  1.026952e+02
1.029885e+01  1.016952e+02
1.029378e+01  1.006952e+02
1.028871e+01  9.969515e+01
1.028364e+01  9.869515e+01
1.027855e+01  9.769515e+01
1.027345e+01  9.669515e+01
1.026834e+01  9.569515e+01
1.026322e+01  9.469515e+01
1.025809e+01  9.369515e+01
1.025294e+01  9.269515e+01
1.024778e+01  9.169515e+01
1.024260e+01  9.069515e+01
1.023741e+01  8.969515e+01
1.023220e+01  8.869515e+01
1.022697e+01  8.769515e+01
1.022172e+01  8.669515e+01
1.021645e+01  8.569515e+01
1.021116e+01  8.469515e+01
1.020584e+01  8.369515e+01
1.020050e+01  8.269515e+01
1.019514e+01  8.169515e+01
1.018975e+01  8.069515e+01
1.018433e+01  7.969515e+01
1.017889e+01  7.869515e+01
1.017341e+01  7.769515e+01
1.016790e+01  7.669515e+01
1.016236e+01  7.569515e+01
1.015679e+01  7.469515e+01
1.015118e+01  7.369515e+01
1.014553e+01  7.269515e+01
1.013984e+01  7.169515e+01
1.013411e+01  7.069515e+01
1.012833e+01  6.969515e+01
1.012251e+01  6.869515e+01
1.011665e+01  6.769515e+01
1.011073e+01  6.669515e+01
1.010476e+01  6.569515e+01
1.009874e+01  6.469515e+01
1.009266e+01  6.369515e+01
1.008653e+01  6.269515e+01
1.008033e+01  6.169515e+01
1.007406e+01  6.069515e+01
1.006773e+01  5.969515e+01
1.006133e+01  5.869515e+01
1.005485e+01  5.769515e+01
1.004829e+01  5.669515e+01
1.004165e+01  5.569515e+01
1.003492e+01  5.469515e+01
1.002809e+01  5.369515e+01
1.002118e+01  5.269515e+01
1.001415e+01  5.169515e+01
1.000702e+01  5.069515e+01
9.999773e+00  4.969515e+01
9.992402e+00  4.869515e+01
9.984900e+00  4.769515e+01
9.977260e+00  4.669515e+01
9.969470e+00  4.569515e+01
9.961521e+00  4.469515e+01
9.953402e+00  4.369515e+01
9.945098e+00  4.269515e+01
9.936597e+00  4.169515e+01
9.927881e+00  4.069515e+01
9.918931e+00  3.969515e+01
9.909727e+00  3.869515e+01
9.900245e+00  3.769515e+01
9.890456e+00  3.669515e+01
9.880326e+00  3.569515e+01
9.869818e+00  3.469515e+01
9.858884e+00  3.369515e+01
9.847467e+00  3.269515e+01
9.835498e+00  3.169515e+01
9.822888e+00  3.069515e+01
9.809524e+00  2.969515e+01
9.795257e+00  2.869515e+01
9.779883e+00  2.769515e+01
9.763108e+00  2.669515e+01
9.744486e+00  2.569515e+01
9.723275e+00  2.469515e+01
9.698064e+00  2.369515e+01
9.665393e+00  2.269515e+01
9.606842e+00  2.169515e+01
1.093795e+01  1.836952e+02
1.097949e+01  1.826952e+02
1.100300e+01  1.816952e+02
1.102142e+01  1.806952e+02
1.103711e+01  1.796952e+02
1.105102e+01  1.786952e+02
1.106366e+01  1.776952e+02
1.107534e+01  1.766952e+02
1.108627e+01  1.756952e+02
1.109656e+01  1.746952e+02
1.110634e+01  1.736952e+02
1.111567e+01  1.726952e+02
1.112462e+01  1.716952e+02
1.113324e+01  1.706952e+02
1.114156e+01  1.696952e+02
1.114962e+01  1.686952e+02
1.115744e+01  1.676952e+02
1.116505e+01  1.666952e+02
1.117246e+01  1.656952e+02
1.117970e+01  1.646952e+02
1.118677e+01  1.636952e+02
1.119370e+01  1.626952e+02
1.120049e+01  1.616952e+02
1.120714e+01  1.606952e+02
1.121368e+01  1.596952e+02
1.122011e+01  1.586952e+02
1.122644e+01  1.576952e+02
1.123266e+01  1.566952e+02
1.123880e+01  1.556952e+02
1.124485e+01  1.546952e+02
1.125082e+01  1.536952e+02
1.125672e+01  1.526952e+02
1.126254e+01  1.516952e+02
1.126830e+01  1.506952e+02
1.127399e+01  1.496952e+02
1.127962e+01  1.486952e+02
1.128520e+01  1.476952e+02
1.129072e+01  1.466952e+02
1.129619e+01  1.456952e+02
1.130161e+01  1.446952e+02
1.130698e+01  1.436952e+02
1.131231e+01  1.426952e+02
1.131760e+01  1.416952e+02
1.132284e+01  1.406952e+02
1.132805e+01  1.396952e+02
1.133323e+01  1.386952e+02
1.133836e+01  1.376952e+02
1.134347e+01  1.366952e+02
1.134854e+01  1.356952e+02
1.135359e+01  1.346952e+02
1.135861e+01  1.336952e+02
1.136360e+01  1.326952e+02
1.136856e+01  1.316952e+02
1.137350e+01  1.306952e+02
1.137842e+01  1.296952e+02
1.138331e+01  1.286952e+02
1.138819e+01  1.276952e+02
1.139304e+01  1.266952e+02
1.139788e+01  1.256952e+02
1.140270e+01  1.246952e+02
1.140750e+01  1.236952e+02
1.141229e+01  1.226952e+02
1.141706e+01  1.216952e+02
1.142182e+01  1.206952e+02
1.142657e+01  1.196952e+02
1.143130e+01  1.186952e+02
1.143603e+01  1.176952e+02
1.144074e+01  1.166952e+02
1.144545e+01  1.156952e+02
1.145015e+01  1.146952e+02
1.145483e+01  1.136952e+02
1.145952e+01  1.126952e+02
1.146419e+01  1.116952e+02
1.146886e+01  1.106952e+02
1.147353e+01  1.096952e+02
1.147819e+01  1.086952e+02
1.148285e+01  1.076952e+02
1.148751e+01  1.066952e+02
1.149217e+01  1.056952e+02
1.149682e+01  1.046952e+02
1.150148e+01  1.036952e+02
1.150613e+01  1.026952e+02
1.151079e+01  1.016952e+02
1.151545e+01  1.006952e+02
1.152012e+01  9.969515e+01
1.152478e+01  9.869515e+01
1.152945e+01  9.769515e+01
1.153413e+01  9.669515e+01
1.153881e+01  9.569515e+01
1.154350e+01  9.469515e+01
1.154820e+01  9.369515e+01
1.155290e+01  9.269515e+01
1.155762e+01  9.169515e+01
1.156234e+01  9.069515e+01
1.156707e+01  8.969515e+01
1.157182e+01  8.869515e+01
1.157658e+01  8.769515e+01
1.158135e+01  8.669515e+01
1.158613e+01  8.569515e+01
1.159094e+01  8.469515e+01
1.159575e+01  8.369515e+01
1.160059e+01  8.269515e+01
1.160544e+01  8.169515e+01
1.161031e+01  8.069515e+01
1.161520e+01  7.969515e+01
1.162011e+01  7.869515e+01
1.162504e+01  7.769515e+01
1.163000e+01  7.669515e+01
1.163498e+01  7.569515e+01
1.163999e+01  7.469515e+01
1.164502e+01  7.369515e+01
1.165009e+01  7.269515e+01
1.165518e+01  7.169515e+01
1.166030e+01  7.069515e+01
1.166546e+01  6.969515e+01
1.167065e+01  6.869515e+01
1.167588e+01  6.769515e+01
1.168114e+01  6.669515e+01
1.168644e+01  6.569515e+01
1.169179e+01  6.469515e+01
1.169718e+01  6.369515e+01
1.170261e+01  6.269515e+01
1.170809e+01  6.169515e+01
1.171362e+01  6.069515e+01
1.171921e+01  5.969515e+01
1.172485e+01  5.869515e+01
1.173055e+01  5.769515e+01
1.173631e+01  5.669515e+01
1.174213e+01  5.569515e+01
1.174802e+01  5.469515e+01
1.175399e+01  5.369515e+01
1.176003e+01  5.269515e+01
1.176615e+01  5.169515e+01
1.177235e+01  5.069515e+01
1.177865e+01  4.969515e+01
1.178504e+01  4.869515e+01
1.179153e+01  4.769515e+01
1.179814e+01  4.669515e+01
1.180485e+01  4.569515e+01
1.181170e+01  4.469515e+01
1.181867e+01  4.369515e+01
1.182579e+01  4.269515e+01
1.183306e+01  4.169515e+01
1.184050e+01  4.069515e+01
1.184813e+01  3.969515e+01
1.185595e+01  3.869515e+01
1.186398e+01  3.769515e+01
1.187226e+01  3.669515e+01
1.188080e+01  3.569515e+01
1.188964e+01  3.469515e+01
1.189880e+01  3.369515e+01
1.190835e+01  3.269515e+01
1.191831e+01  3.169515e+01
1.192878e+01  3.069515e+01
1.193983e+01  2.969515e+01
1.195158e+01  2.869515e+01
1.196418e+01  2.769515e+01
1.197786e+01  2.669515e+01
1.199296e+01  2.569515e+01
1.201006e+01  2.469515e+01
1.203021e+01  2.369515e+01
1.205608e+01  2.269515e+01
1.210167e+01  2.169515e+01
1.282313e+01  7.580854e+01
1.280883e+01  7.480854e+01
1.279520e+01  7.380854e+01
1.278213e+01  7.280854e+01
1.276954e+01  7.180854e+01
1.275737e+01  7.080854e+01
1.274555e+01  6.980854e+01
1.273405e+01  6.880854e+01
1.272282e+01  6.780854e+01
1.271183e+01  6.680854e+01
1.270106e+01  6.580854e+01
1.269048e+01  6.480854e+01
1.268007e+01  6.380854e+01
1.266981e+01  6.280854e+01
1.265968e+01  6.180854e+01
1.264967e+01  6.080854e+01
1.263976e+01  5.980854e+01
1.262994e+01  5.880854e+01
1.262020e+01  5.780854e+01
1.261053e+01  5.680854e+01
1.260091e+01  5.580854e+01
1.259134e+01  5.480854e+01
1.258180e+01  5.380854e+01
1.257229e+01  5.280854e+01
1.256279e+01  5.180854e+01
1.255329e+01  5.080854e+01
1.254380e+01  4.980854e+01
1.253428e+01  4.880854e+01
1.252475e+01  4.780854e+01
1.251518e+01  4.680854e+01
1.250556e+01  4.580854e+01
1.249589e+01  4.480854e+01
1.248615e+01  4.380854e+01
1.247632e+01  4.280854e+01
1.246641e+01  4.180854e+01
1.245638e+01  4.080854e+01
1.244623e+01  3.980854e+01
1.243593e+01  3.880854e+01
1.242547e+01  3.780854e+01
1.241482e+01  3.680854e+01
1.240396e+01  3.580854e+01
1.239284e+01  3.480854e+01
1.238145e+01  3.380854e+01
1.236972e+01  3.280854e+01
1.235762e+01  3.180854e+01
1.234506e+01  3.080854e+01
1.233197e+01  2.980854e+01
1.231823e+01  2.880854e+01
1.230370e+01  2.780854e+01
1.228814e+01  2.680854e+01
1.227125e+01  2.580854e+01
1.225248e+01  2.480854e+01
1.223084e+01  2.380854e+01
1.220399e+01  2.280854e+01
1.216163e+01  2.180854e+01
1.328227e+01  7.580854e+01
1.329733e+01  7.480854e+01
1.331173e+01  7.380854e+01
1.332558e+01  7.280854e+01
1.333896e+01  7.180854e+01
1.335194e+01  7.080854e+01
1.336458e+01  6.980854e+01
1.337692e+01  6.880854e+01
1.338899e+01  6.780854e+01
1.340084e+01  6.680854e+01
1.341249e+01  6.580854e+01
1.342397e+01  6.480854e+01
1.343529e+01  6.380854e+01
1.344648e+01  6.280854e+01
1.345755e+01  6.180854e+01
1.346853e+01  6.080854e+01
1.347942e+01  5.980854e+01
1.349025e+01  5.880854e+01
1.350101e+01  5.780854e+01
1.351174e+01  5.680854e+01
1.352243e+01  5.580854e+01
1.353310e+01  5.480854e+01
1.354377e+01  5.380854e+01
1.355443e+01  5.280854e+01
1.356511e+01  5.180854e+01
1.357582e+01  5.080854e+01
1.358656e+01  4.980854e+01
1.359736e+01  4.880854e+01
1.360821e+01  4.780854e+01
1.361913e+01  4.680854e+01
1.363015e+01  4.580854e+01
1.364126e+01  4.480854e+01
1.365249e+01  4.380854e+01
1.366385e+01  4.280854e+01
1.367536e+01  4.180854e+01
1.368704e+01  4.080854e+01
1.369891e+01  3.980854e+01
1.371100e+01  3.880854e+01
1.372332e+01  3.780854e+01
1.373593e+01  3.680854e+01
1.374884e+01  3.580854e+01
1.376210e+01  3.480854e+01
1.377577e+01  3.380854e+01
1.378990e+01  3.280854e+01
1.380457e+01  3.180854e+01
1.381986e+01  3.080854e+01
1.383591e+01  2.980854e+01
1.385285e+01  2.880854e+01
1.387091e+01  2.780854e+01
1.389038e+01  2.680854e+01
1.391171e+01  2.580854e+01
1.393564e+01  2.480854e+01
1.396356e+01  2.380854e+01
1.399871e+01  2.280854e+01
1.405550e+01  2.180854e+01
1.495802e+01  5.595258e+01
1.491353e+01  5.495258e+01
1.487825e+01  5.395258e+01
1.484790e+01  5.295258e+01
1.482071e+01  5.195258e+01
1.479575e+01  5.095258e+01
1.477244e+01  4.995258e+01
1.475041e+01  4.895258e+01
1.472938e+01  4.795258e+01
1.470917e+01  4.695258e+01
1.468961e+01  4.595258e+01
1.467058e+01  4.495258e+01
1.465199e+01  4.395258e+01
1.463375e+01  4.295258e+01
1.461578e+01  4.195258e+01
1.459802e+01  4.095258e+01
1.458040e+01  3.995258e+01
1.456287e+01  3.895258e+01
1.454538e+01  3.795258e+01
1.452787e+01  3.695258e+01
1.451028e+01  3.595258e+01
1.449255e+01  3.495258e+01
1.447461e+01  3.395258e+01
1.445640e+01  3.295258e+01
1.443782e+01  3.195258e+01
1.441879e+01  3.095258e+01
1.439916e+01  2.995258e+01
1.437879e+01  2.895258e+01
1.435746e+01  2.795258e+01
1.433489e+01  2.695258e+01
1.431065e+01  2.595258e+01
1.428403e+01  2.495258e+01
1.425380e+01  2.395258e+01
1.421712e+01  2.295258e+01
1.416342e+01  2.195258e+01
1.521016e+01  5.595258e+01
1.525746e+01  5.495258e+01
1.529565e+01  5.395258e+01
1.532898e+01  5.295258e+01
1.535923e+01  5.195258e+01
1.538735e+01  5.095258e+01
1.541391e+01  4.995258e+01
1.543930e+01  4.895258e+01
1.546380e+01  4.795258e+01
1.548761e+01  4.695258e+01
1.551088e+01  4.595258e+01
1.553376e+01  4.495258e+01
1.555635e+01  4.395258e+01
1.557876e+01  4.295258e+01
1.560106e+01  4.195258e+01
1.562335e+01  4.095258e+01
1.564570e+01  3.995258e+01
1.566818e+01  3.895258e+01
1.569088e+01  3.795258e+01
1.571389e+01  3.695258e+01
1.573728e+01  3.595258e+01
1.576117e+01  3.495258e+01
1.578566e+01  3.395258e+01
1.581088e+01  3.295258e+01
1.583701e+01  3.195258e+01
1.586422e+01  3.095258e+01
1.589276e+01  2.995258e+01
1.592296e+01  2.895258e+01
1.595524e+01  2.795258e+01
1.599021e+01  2.695258e+01
1.602882e+01  2.595258e+01
1.607255e+01  2.495258e+01
1.612421e+01  2.395258e+01
1.619023e+01  2.295258e+01
1.629538e+01  2.195258e+01
1.088810e+01  1.776952e+02
1.086720e+01  1.766952e+02
1.085047e+01  1.756952e+02
1.083611e+01  1.746952e+02
1.082334e+01  1.736952e+02
1.081171e+01  1.726952e+02
1.080097e+01  1.716952e+02
1.079094e+01  1.706952e+02
1.078150e+01  1.696952e+02
1.077255e+01  1.686952e+02
1.076403e+01  1.676952e+02
1.075587e+01  1.666952e+02
1.074804e+01  1.656952e+02
1.074050e+01  1.646952e+02
1.073323e+01  1.636952e+02
1.072619e+01  1.626952e+02
1.071936e+01  1.616952e+02
1.071274e+01  1.606952e+02
1.070630e+01  1.596952e+02
1.070002e+01  1.586952e+02
1.069391e+01  1.576952e+02
1.068794e+01  1.566952e+02
1.068212e+01  1.556952e+02
1.067642e+01  1.546952e+02
1.067085e+01  1.536952e+02
1.066539e+01  1.526952e+02
1.066005e+01  1.516952e+02
1.065482e+01  1.506952e+02
1.064969e+01  1.496952e+02
1.064466e+01  1.486952e+02
1.063972e+01  1.476952e+02
1.063487e+01  1.466952e+02
1.063012e+01  1.456952e+02
1.062545e+01  1.446952e+02
1.062086e+01  1.436952e+02
1.061636e+01  1.426952e+02
1.061193e+01  1.416952e+02
1.060759e+01  1.406952e+02
1.060332e+01  1.396952e+02
1.059913e+01  1.386952e+02
1.059501e+01  1.376952e+02
1.059097e+01  1.366952e+02
1.058700e+01  1.356952e+02
1.058310e+01  1.346952e+02
1.057927e+01  1.336952e+02
1.057552e+01  1.326952e+02
1.057184e+01  1.316952e+02
1.056823e+01  1.306952e+02
1.056470e+01  1.296952e+02
1.056124e+01  1.286952e+02
1.055785e+01  1.276952e+02
1.055454e+01  1.266952e+02
1.055130e+01  1.256952e+02
1.054814e+01  1.246952e+02
1.054505e+01  1.236952e+02
1.054205e+01  1.226952e+02
1.053912e+01  1.216952e+02
1.053628e+01  1.206952e+02
1.053352e+01  1.196952e+02
1.053085e+01  1.186952e+02
1.052826e+01  1.176952e+02
1.052577e+01  1.166952e+02
1.052337e+01  1.156952e+02
1.052106e+01  1.146952e+02
1.051886e+01  1.136952e+02
1.051676e+01  1.126952e+02
1.051476e+01  1.116952e+02
1.051287e+01  1.106952e+02
1.051110e+01  1.096952e+02
1.050945e+01  1.086952e+02
1.050793e+01  1.076952e+02
1.050653e+01  1.066952e+02
1.050526e+01  1.056952e+02
1.050414e+01  1.046952e+02
1.050317e+01  1.036952e+02
1.050235e+01  1.026952e+02
1.050169e+01  1.016952e+02
1.050120e+01  1.006952e+02
1.050088e+01  9.969515e+01
1.050075e+01  9.869515e+01
1.050082e+01  9.769515e+01
1.050110e+01  9.669515e+01
1.050158e+01  9.569515e+01
1.050230e+01  9.469515e+01
1.050326e+01  9.369515e+01
1.050446e+01  9.269515e+01
1.050593e+01  9.169515e+01
1.050768e+01  9.069515e+01
1.050972e+01  8.969515e+01
1.051207e+01  8.869515e+01
1.051475e+01  8.769515e+01
1.051776e+01  8.669515e+01
1.052113e+01  8.569515e+01
1.052488e+01  8.469515e+01
1.052901e+01  8.369515e+01
1.053356e+01  8.269515e+01
1.053853e+01  8.169515e+01
1.054395e+01  8.069515e+01
1.054983e+01  7.969515e+01
1.055618e+01  7.869515e+01
1.056303e+01  7.769515e+01
1.057039e+01  7.669515e+01
1.057826e+01  7.569515e+01
1.058665e+01  7.469515e+01
1.059558e+01  7.369515e+01
1.060505e+01  7.269515e+01
1.061506e+01  7.169515e+01
1.062560e+01  7.069515e+01
1.063666e+01  6.969515e+01
1.064824e+01  6.869515e+01
1.066032e+01  6.769515e+01
1.067289e+01  6.669515e+01
1.068591e+01  6.569515e+01
1.069938e+01  6.469515e+01
1.071324e+01  6.369515e+01
1.072749e+01  6.269515e+01
1.074209e+01  6.169515e+01
1.075700e+01  6.069515e+01
1.077220e+01  5.969515e+01
1.078765e+01  5.869515e+01
1.080333e+01  5.769515e+01
1.081921e+01  5.669515e+01
1.083526e+01  5.569515e+01
1.085146e+01  5.469515e+01
1.086779e+01  5.369515e+01
1.088423e+01  5.269515e+01
1.090076e+01  5.169515e+01
1.091737e+01  5.069515e+01
1.093406e+01  4.969515e+01
1.095081e+01  4.869515e+01
1.096761e+01  4.769515e+01
1.098448e+01  4.669515e+01
1.100140e+01  4.569515e+01
1.101839e+01  4.469515e+01
1.103544e+01  4.369515e+01
1.105257e+01  4.269515e+01
1.106978e+01  4.169515e+01
1.108710e+01  4.069515e+01
1.110453e+01  3.969515e+01
1.112210e+01  3.869515e+01
1.113984e+01  3.769515e+01
1.115778e+01  3.669515e+01
1.117594e+01  3.569515e+01
1.119438e+01  3.469515e+01
1.121313e+01  3.369515e+01
1.123228e+01  3.269515e+01
1.125188e+01  3.169515e+01
1.127203e+01  3.069515e+01
1.129287e+01  2.969515e+01
1.131453e+01  2.869515e+01
1.133726e+01  2.769515e+01
1.136135e+01  2.669515e+01
1.138729e+01  2.569515e+01
1.141587e+01  2.469515e+01
1.144857e+01  2.369515e+01
1.148909e+01  2.269515e+01
1.155697e+01  2.169515e+01
1.101966e+01  1.776952e+02
1.104102e+01  1.766952e+02
1.105820e+01  1.756952e+02
1.107303e+01  1.746952e+02
1.108629e+01  1.736952e+02
1.109841e+01  1.726952e+02
1.110966e+01  1.716952e+02
1.112020e+01  1.706952e+02
1.113017e+01  1.696952e+02
1.113966e+01  1.686952e+02
1.114874e+01  1.676952e+02
1.115747e+01  1.666952e+02
1.116587e+01  1.656952e+02
1.117401e+01  1.646952e+02
1.118189e+01  1.636952e+02
1.118956e+01  1.626952e+02
1.119702e+01  1.616952e+02
1.120430e+01  1.606952e+02
1.121141e+01  1.596952e+02
1.121837e+01  1.586952e+02
1.122519e+01  1.576952e+02
1.123188e+01  1.566952e+02
1.123845e+01  1.556952e+02
1.124491e+01  1.546952e+02
1.125126e+01  1.536952e+02
1.125751e+01  1.526952e+02
1.126367e+01  1.516952e+02
1.126975e+01  1.506952e+02
1.127575e+01  1.496952e+02
1.128166e+01  1.486952e+02
1.128751e+01  1.476952e+02
1.129329e+01  1.466952e+02
1.129901e+01  1.456952e+02
1.130467e+01  1.446952e+02
1.131027e+01  1.436952e+02
1.131581e+01  1.426952e+02
1.132131e+01  1.416952e+02
1.132676e+01  1.406952e+02
1.133216e+01  1.396952e+02
1.133751e+01  1.386952e+02
1.134283e+01  1.376952e+02
1.134811e+01  1.366952e+02
1.135335e+01  1.356952e+02
1.135855e+01  1.346952e+02
1.136372e+01  1.336952e+02
1.136886e+01  1.326952e+02
1.137397e+01  1.316952e+02
1.137905e+01  1.306952e+02
1.138410e+01  1.296952e+02
1.138913e+01  1.286952e+02
1.139413e+01  1.276952e+02
1.139911e+01  1.266952e+02
1.140407e+01  1.256952e+02
1.140900e+01  1.246952e+02
1.141392e+01  1.236952e+02
1.141882e+01  1.226952e+02
1.142370e+01  1.216952e+02
1.142857e+01  1.206952e+02
1.143342e+01  1.196952e+02
1.143825e+01  1.186952e+02
1.144307e+01  1.176952e+02
1.144789e+01  1.166952e+02
1.145268e+01  1.156952e+02
1.145747e+01  1.146952e+02
1.146225e+01  1.136952e+02
1.146702e+01  1.126952e+02
1.147178e+01  1.116952e+02
1.147654e+01  1.106952e+02
1.148129e+01  1.096952e+02
1.148603e+01  1.086952e+02
1.149077e+01  1.076952e+02
1.149551e+01  1.066952e+02
1.150024e+01  1.056952e+02
1.150497e+01  1.046952e+02
1.150970e+01  1.036952e+02
1.151443e+01  1.026952e+02
1.151916e+01  1.016952e+02
1.152389e+01  1.006952e+02
1.152863e+01  9.969515e+01
1.153336e+01  9.869515e+01
1.153810e+01  9.769515e+01
1.154284e+01  9.669515e+01
1.154759e+01  9.569515e+01
1.155235e+01  9.469515e+01
1.155711e+01  9.369515e+01
1.156187e+01  9.269515e+01
1.156665e+01  9.169515e+01
1.157144e+01  9.069515e+01
1.157623e+01  8.969515e+01
1.158104e+01  8.869515e+01
1.158585e+01  8.769515e+01
1.159069e+01  8.669515e+01
1.159553e+01  8.569515e+01
1.160039e+01  8.469515e+01
1.160526e+01  8.369515e+01
1.161015e+01  8.269515e+01
1.161506e+01  8.169515e+01
1.161999e+01  8.069515e+01
1.162493e+01  7.969515e+01
1.162990e+01  7.869515e+01
1.163489e+01  7.769515e+01
1.163990e+01  7.669515e+01
1.164493e+01  7.569515e+01
1.164999e+01  7.469515e+01
1.165508e+01  7.369515e+01
1.166019e+01  7.269515e+01
1.166534e+01  7.169515e+01
1.167051e+01  7.069515e+01
1.167572e+01  6.969515e+01
1.168096e+01  6.869515e+01
1.168624e+01  6.769515e+01
1.169156e+01  6.669515e+01
1.169691e+01  6.569515e+01
1.170231e+01  6.469515e+01
1.170774e+01  6.369515e+01
1.171323e+01  6.269515e+01
1.171876e+01  6.169515e+01
1.172434e+01  6.069515e+01
1.172998e+01  5.969515e+01
1.173567e+01  5.869515e+01
1.174141e+01  5.769515e+01
1.174722e+01  5.669515e+01
1.175310e+01  5.569515e+01
1.175904e+01  5.469515e+01
1.176505e+01  5.369515e+01
1.177114e+01  5.269515e+01
1.177731e+01  5.169515e+01
1.178356e+01  5.069515e+01
1.178991e+01  4.969515e+01
1.179635e+01  4.869515e+01
1.180289e+01  4.769515e+01
1.180954e+01  4.669515e+01
1.181631e+01  4.569515e+01
1.182320e+01  4.469515e+01
1.183023e+01  4.369515e+01
1.183740e+01  4.269515e+01
1.184472e+01  4.169515e+01
1.185221e+01  4.069515e+01
1.185988e+01  3.969515e+01
1.186775e+01  3.869515e+01
1.187584e+01  3.769515e+01
1.188417e+01  3.669515e+01
1.189276e+01  3.569515e+01
1.190165e+01  3.469515e+01
1.191087e+01  3.369515e+01
1.192046e+01  3.269515e+01
1.193049e+01  3.169515e+01
1.194101e+01  3.069515e+01
1.195211e+01  2.969515e+01
1.196392e+01  2.869515e+01
1.197658e+01  2.769515e+01
1.199032e+01  2.669515e+01
1.200549e+01  2.569515e+01
1.202264e+01  2.469515e+01
1.204287e+01  2.369515e+01
1.206882e+01  2.269515e+01
1.211452e+01  2.169515e+01
1.284153e+01  7.580854e+01
1.282661e+01  7.480854e+01
1.281246e+01  7.380854e+01
1.279895e+01  7.280854e+01
1.278599e+01  7.180854e+01
1.277349e+01  7.080854e+01
1.276138e+01  6.980854e+01
1.274962e+01  6.880854e+01
1.273817e+01  6.780854e+01
1.272698e+01  6.680854e+01
1.271603e+01  6.580854e+01
1.270529e+01  6.480854e+01
1.269473e+01  6.380854e+01
1.268433e+01  6.280854e+01
1.267408e+01  6.180854e+01
1.266396e+01  6.080854e+01
1.265395e+01  5.980854e+01
1.264403e+01  5.880854e+01
1.263421e+01  5.780854e+01
1.262445e+01  5.680854e+01
1.261476e+01  5.580854e+01
1.260512e+01  5.480854e+01
1.259552e+01  5.380854e+01
1.258595e+01  5.280854e+01
1.257639e+01  5.180854e+01
1.256685e+01  5.080854e+01
1.255730e+01  4.980854e+01
1.254775e+01  4.880854e+01
1.253817e+01  4.780854e+01
1.252856e+01  4.680854e+01
1.251891e+01  4.580854e+01
1.250921e+01  4.480854e+01
1.249944e+01  4.380854e+01
1.248959e+01  4.280854e+01
1.247965e+01  4.180854e+01
1.246960e+01  4.080854e+01
1.245943e+01  3.980854e+01
1.244912e+01  3.880854e+01
1.243864e+01  3.780854e+01
1.242797e+01  3.680854e+01
1.241709e+01  3.580854e+01
1.240597e+01  3.480854e+01
1.239456e+01  3.380854e+01
1.238283e+01  3.280854e+01
1.237071e+01  3.180854e+01
1.235815e+01  3.080854e+01
1.234505e+01  2.980854e+01
1.233131e+01  2.880854e+01
1.231676e+01  2.780854e+01
1.230120e+01  2.680854e+01
1.228430e+01  2.580854e+01
1.226552e+01  2.480854e+01
1.224386e+01  2.380854e+01
1.221700e+01  2.280854e+01
1.217459e+01  2.180854e+01
1.327734e+01  7.580854e+01
1.329304e+01  7.480854e+01
1.330798e+01  7.380854e+01
1.332230e+01  7.280854e+01
1.333608e+01  7.180854e+01
1.334941e+01  7.080854e+01
1.336236e+01  6.980854e+01
1.337498e+01  6.880854e+01
1.338731e+01  6.780854e+01
1.339938e+01  6.680854e+01
1.341124e+01  6.580854e+01
1.342290e+01  6.480854e+01
1.343440e+01  6.380854e+01
1.344575e+01  6.280854e+01
1.345697e+01  6.180854e+01
1.346809e+01  6.080854e+01
1.347911e+01  5.980854e+01
1.349006e+01  5.880854e+01
1.350094e+01  5.780854e+01
1.351177e+01  5.680854e+01
1.352256e+01  5.580854e+01
1.353333e+01  5.480854e+01
1.354409e+01  5.380854e+01
1.355484e+01  5.280854e+01
1.356560e+01  5.180854e+01
1.357639e+01  5.080854e+01
1.358721e+01  4.980854e+01
1.359807e+01  4.880854e+01
1.360899e+01  4.780854e+01
1.361998e+01  4.680854e+01
1.363106e+01  4.580854e+01
1.364223e+01  4.480854e+01
1.365352e+01  4.380854e+01
1.366493e+01  4.280854e+01
1.367650e+01  4.180854e+01
1.368823e+01  4.080854e+01
1.370015e+01  3.980854e+01
1.371229e+01  3.880854e+01
1.372466e+01  3.780854e+01
1.373731e+01  3.680854e+01
1.375027e+01  3.580854e+01
1.376357e+01  3.480854e+01
1.377728e+01  3.380854e+01
1.379145e+01  3.280854e+01
1.380616e+01  3.180854e+01
1.382150e+01  3.080854e+01
1.383758e+01  2.980854e+01
1.385456e+01  2.880854e+01
1.387265e+01  2.780854e+01
1.389216e+01  2.680854e+01
1.391352e+01  2.580854e+01
1.393749e+01  2.480854e+01
1.396544e+01  2.380854e+01
1.400063e+01  2.280854e+01
1.405747e+01  2.180854e+01
1.495358e+01  5.595258e+01
1.491112e+01  5.495258e+01
1.487684e+01  5.395258e+01
1.484711e+01  5.295258e+01
1.482036e+01  5.195258e+01
1.479572e+01  5.095258e+01
1.477267e+01  4.995258e+01
1.475084e+01  4.895258e+01
1.472999e+01  4.795258e+01
1.470992e+01  4.695258e+01
1.469049e+01  4.595258e+01
1.467157e+01  4.495258e+01
1.465308e+01  4.395258e+01
1.463492e+01  4.295258e+01
1.461703e+01  4.195258e+01
1.459934e+01  4.095258e+01
1.458179e+01  3.995258e+01
1.456432e+01  3.895258e+01
1.454688e+01  3.795258e+01
1.452942e+01  3.695258e+01
1.451187e+01  3.595258e+01
1.449419e+01  3.495258e+01
1.447629e+01  3.395258e+01
1.445812e+01  3.295258e+01
1.443958e+01  3.195258e+01
1.442057e+01  3.095258e+01
1.440098e+01  2.995258e+01
1.438063e+01  2.895258e+01
1.435934e+01  2.795258e+01
1.433679e+01  2.695258e+01
1.431257e+01  2.595258e+01
1.428598e+01  2.495258e+01
1.425576e+01  2.395258e+01
1.421910e+01  2.295258e+01
1.416541e+01  2.195258e+01
1.522205e+01  5.595258e+01
1.526735e+01  5.495258e+01
1.530456e+01  5.395258e+01
1.533729e+01  5.295258e+01
1.536713e+01  5.195258e+01
1.539494e+01  5.095258e+01
1.542128e+01  4.995258e+01
1.544649e+01  4.895258e+01
1.547084e+01  4.795258e+01
1.549452e+01  4.695258e+01
1.551770e+01  4.595258e+01
1.554050e+01  4.495258e+01
1.556302e+01  4.395258e+01
1.558537e+01  4.295258e+01
1.560763e+01  4.195258e+01
1.562988e+01  4.095258e+01
1.565220e+01  3.995258e+01
1.567466e+01  3.895258e+01
1.569735e+01  3.795258e+01
1.572034e+01  3.695258e+01
1.574374e+01  3.595258e+01
1.576763e+01  3.495258e+01
1.579213e+01  3.395258e+01
1.581738e+01  3.295258e+01
1.584353e+01  3.195258e+01
1.587078e+01  3.095258e+01
1.589937e+01  2.995258e+01
1.592962e+01  2.895258e+01
1.596198e+01  2.795258e+01
1.599705e+01  2.695258e+01
1.603576e+01  2.595258e+01
1.607965e+01  2.495258e+01
1.613152e+01  2.395258e+01
1.619787e+01  2.295258e+01
1.630370e+01  2.195258e+01
