1.082921e+01  1.996952e+02
1.080972e+01  1.986952e+02
1.079338e+01  1.976952e+02
1.077900e+01  1.966952e+02
1.076598e+01  1.956952e+02
1.075398e+01  1.946952e+02
1.074278e+01  1.936952e+02
1.073224e+01  1.926952e+02
1.072223e+01  1.916952e+02
1.071268e+01  1.906952e+02
1.070352e+01  1.896952e+02
1.069470e+01  1.886952e+02
1.068618e+01  1.876952e+02
1.067793e+01  1.866952e+02
1.066993e+01  1.856952e+02
1.066213e+01  1.846952e+02
1.065454e+01  1.836952e+02
1.064712e+01  1.826952e+02
1.063987e+01  1.816952e+02
1.063276e+01  1.806952e+02
1.062580e+01  1.796952e+02
1.061896e+01  1.786952e+02
1.061224e+01  1.776952e+02
1.060564e+01  1.766952e+02
1.059913e+01  1.756952e+02
1.059273e+01  1.746952e+02
1.058641e+01  1.736952e+02
1.058018e+01  1.726952e+02
1.057403e+01  1.716952e+02
1.056795e+01  1.706952e+02
1.056195e+01  1.696952e+02
1.055601e+01  1.686952e+02
1.055014e+01  1.676952e+02
1.054432e+01  1.666952e+02
1.053856e+01  1.656952e+02
1.053286e+01  1.646952e+02
1.052721e+01  1.636952e+02
1.052160e+01  1.626952e+02
1.051604e+01  1.616952e+02
1.051052e+01  1.606952e+02
1.050505e+01  1.596952e+02
1.049961e+01  1.586952e+02
1.049421e+01  1.576952e+02
1.048885e+01  1.566952e+02
1.048352e+01  1.556952e+02
1.047822e+01  1.546952e+02
1.047295e+01  1.536952e+02
1.046771e+01  1.526952e+02
1.046250e+01  1.516952e+02
1.045731e+01  1.506952e+02
1.045215e+01  1.496952e+02
1.044701e+01  1.486952e+02
1.044190e+01  1.476952e+02
1.043680e+01  1.466952e+02
1.043173e+01  1.456952e+02
1.042667e+01  1.446952e+02
1.042163e+01  1.436952e+02
1.041661e+01  1.426952e+02
1.041160e+01  1.416952e+02
1.040661e+01  1.406952e+02
1.040163e+01  1.396952e+02
1.039666e+01  1.386952e+02
1.039171e+01  1.376952e+02
1.038676e+01  1.366952e+02
1.038183e+01  1.356952e+02
1.037691e+01  1.346952e+02
1.037199e+01  1.336952e+02
1.036708e+01  1.326952e+02
1.036218e+01  1.316952e+02
1.035728e+01  1.306952e+02
1.035239e+01  1.296952e+02
1.034751e+01  1.286952e+02
1.034262e+01  1.276952e+02
1.033774e+01  1.266952e+02
1.033287e+01  1.256952e+02
1.032799e+01  1.246952e+02
1.032312e+01  1.236952e+02
1.031824e+01  1.226952e+02
1.031337e+01  1.216952e+02
1.030849e+01  1.206952e+02
1.030361e+01  1.196952e+02
1.029873e+01  1.186952e+02
1.029385e+01  1.176952e+02
1.028896e+01  1.166952e+02
1.028407e+01  1.156952e+02
1.027917e+01  1.146952e+02
1.027427e+01  1.136952e+02
1.026936e+01  1.126952e+02
1.026444e+01  1.116952e+02
1.025951e+01  1.106952e+02
1.025457e+01  1.096952e+02
1.024963e+01  1.086952e+02
1.024467e+01  1.076952e+02
1.023971e+01  1.066952e+02
1.023473e+01  1.056952e+02
1.022973e+01  1.046952e+02
1.022473e+01  1.036952e+02
1.021971e+01  1.026952e+02
1.021467e+01  1.016952e+02
1.020962e+01  1.006952e+02
1.020456e+01  9.969515e+01
1.019947e+01  9.869515e+01
1.019437e+01  9.769515e+01
1.018925e+01  9.669515e+01
1.018410e+01  9.569515e+01
1.017894e+01  9.469515e+01
1.017375e+01  9.369515e+01
1.016855e+01  9.269515e+01
1.016331e+01  9.169515e+01
1.015805e+01  9.069515e+01
1.015277e+01  8.969515e+01
1.014746e+01  8.869515e+01
1.014212e+01  8.769515e+01
1.013675e+01  8.669515e+01
1.013135e+01  8.569515e+01
1.012592e+01  8.469515e+01
1.012045e+01  8.369515e+01
1.011495e+01  8.269515e+01
1.010942e+01  8.169515e+01
1.010384e+01  8.069515e+01
1.009823e+01  7.969515e+01
1.009258e+01  7.869515e+01
1.008688e+01  7.769515e+01
1.008115e+01  7.669515e+01
1.007536e+01  7.569515e+01
1.006953e+01  7.469515e+01
1.006365e+01  7.369515e+01
1.005772e+01  7.269515e+01
1.005173e+01  7.169515e+01
1.004569e+01  7.069515e+01
1.003959e+01  6.969515e+01
1.003343e+01  6.869515e+01
1.002720e+01  6.769515e+01
1.002091e+01  6.669515e+01
1.001455e+01  6.569515e+01
1.000812e+01  6.469515e+01
1.000162e+01  6.369515e+01
9.995032e+00  6.269515e+01
9.988364e+00  6.169515e+01
9.981610e+00  6.069515e+01
9.974766e+00  5.969515e+01
9.967826e+00  5.869515e+01
9.960786e+00  5.769515e+01
9.953641e+00  5.669515e+01
9.946386e+00  5.569515e+01
9.939013e+00  5.469515e+01
9.931517e+00  5.369515e+01
9.923891e+00  5.269515e+01
9.916128e+00  5.169515e+01
9.908217e+00  5.069515e+01
9.900152e+00  4.969515e+01
9.891921e+00  4.869515e+01
9.883514e+00  4.769515e+01
9.874919e+00  4.669515e+01
9.866122e+00  4.569515e+01
9.857108e+00  4.469515e+01
9.847862e+00  4.369515e+01
9.838363e+00  4.269515e+01
9.828592e+00  4.169515e+01
9.818525e+00  4.069515e+01
9.808133e+00  3.969515e+01
9.797387e+00  3.869515e+01
9.786250e+00  3.769515e+01
9.774679e+00  3.669515e+01
9.762625e+00  3.569515e+01
9.750029e+00  3.469515e+01
9.736818e+00  3.369515e+01
9.722904e+00  3.269515e+01
9.708179e+00  3.169515e+01
9.692504e+00  3.069515e+01
9.675698e+00  2.969515e+01
9.657518e+00  2.869515e+01
9.637631e+00  2.769515e+01
9.615549e+00  2.669515e+01
9.590516e+00  2.569515e+01
9.561254e+00  2.469515e+01
9.525273e+00  2.369515e+01
9.476306e+00  2.269515e+01
9.379425e+00  2.169515e+01
1.098829e+01  1.996952e+02
1.100751e+01  1.986952e+02
1.102358e+01  1.976952e+02
1.103770e+01  1.966952e+02
1.105044e+01  1.956952e+02
1.106217e+01  1.946952e+02
1.107309e+01  1.936952e+02
1.108336e+01  1.926952e+02
1.109309e+01  1.916952e+02
1.110236e+01  1.906952e+02
1.111124e+01  1.896952e+02
1.111977e+01  1.886952e+02
1.112800e+01  1.876952e+02
1.113596e+01  1.866952e+02
1.114367e+01  1.856952e+02
1.115117e+01  1.846952e+02
1.115848e+01  1.836952e+02
1.116560e+01  1.826952e+02
1.117255e+01  1.816952e+02
1.117935e+01  1.806952e+02
1.118602e+01  1.796952e+02
1.119255e+01  1.786952e+02
1.119896e+01  1.776952e+02
1.120525e+01  1.766952e+02
1.121144e+01  1.756952e+02
1.121754e+01  1.746952e+02
1.122354e+01  1.736952e+02
1.122945e+01  1.726952e+02
1.123528e+01  1.716952e+02
1.124103e+01  1.706952e+02
1.124671e+01  1.696952e+02
1.125232e+01  1.686952e+02
1.125786e+01  1.676952e+02
1.126334e+01  1.666952e+02
1.126876e+01  1.656952e+02
1.127413e+01  1.646952e+02
1.127944e+01  1.636952e+02
1.128470e+01  1.626952e+02
1.128991e+01  1.616952e+02
1.129508e+01  1.606952e+02
1.130020e+01  1.596952e+02
1.130528e+01  1.586952e+02
1.131032e+01  1.576952e+02
1.131533e+01  1.566952e+02
1.132029e+01  1.556952e+02
1.132522e+01  1.546952e+02
1.133012e+01  1.536952e+02
1.133499e+01  1.526952e+02
1.133982e+01  1.516952e+02
1.134463e+01  1.506952e+02
1.134940e+01  1.496952e+02
1.135416e+01  1.486952e+02
1.135888e+01  1.476952e+02
1.136358e+01  1.466952e+02
1.136826e+01  1.456952e+02
1.137292e+01  1.446952e+02
1.137755e+01  1.436952e+02
1.138217e+01  1.426952e+02
1.138676e+01  1.416952e+02
1.139134e+01  1.406952e+02
1.139590e+01  1.396952e+02
1.140044e+01  1.386952e+02
1.140497e+01  1.376952e+02
1.140948e+01  1.366952e+02
1.141398e+01  1.356952e+02
1.141846e+01  1.346952e+02
1.142293e+01  1.336952e+02
1.142739e+01  1.326952e+02
1.143184e+01  1.316952e+02
1.143628e+01  1.306952e+02
1.144071e+01  1.296952e+02
1.144513e+01  1.286952e+02
1.144954e+01  1.276952e+02
1.145394e+01  1.266952e+02
1.145834e+01  1.256952e+02
1.146272e+01  1.246952e+02
1.146711e+01  1.236952e+02
1.147148e+01  1.226952e+02
1.147585e+01  1.216952e+02
1.148022e+01  1.206952e+02
1.148459e+01  1.196952e+02
1.148895e+01  1.186952e+02
1.149330e+01  1.176952e+02
1.149766e+01  1.166952e+02
1.150202e+01  1.156952e+02
1.150637e+01  1.146952e+02
1.151072e+01  1.136952e+02
1.151508e+01  1.126952e+02
1.151943e+01  1.116952e+02
1.152379e+01  1.106952e+02
1.152815e+01  1.096952e+02
1.153251e+01  1.086952e+02
1.153687e+01  1.076952e+02
1.154124e+01  1.066952e+02
1.154561e+01  1.056952e+02
1.154999e+01  1.046952e+02
1.155437e+01  1.036952e+02
1.155876e+01  1.026952e+02
1.156315e+01  1.016952e+02
1.156755e+01  1.006952e+02
1.157196e+01  9.969515e+01
1.157638e+01  9.869515e+01
1.158081e+01  9.769515e+01
1.158524e+01  9.669515e+01
1.158969e+01  9.569515e+01
1.159415e+01  9.469515e+01
1.159862e+01  9.369515e+01
1.160310e+01  9.269515e+01
1.160759e+01  9.169515e+01
1.161210e+01  9.069515e+01
1.161663e+01  8.969515e+01
1.162117e+01  8.869515e+01
1.162572e+01  8.769515e+01
1.163029e+01  8.669515e+01
1.163488e+01  8.569515e+01
1.163949e+01  8.469515e+01
1.164411e+01  8.369515e+01
1.164876e+01  8.269515e+01
1.165343e+01  8.169515e+01
1.165812e+01  8.069515e+01
1.166283e+01  7.969515e+01
1.166757e+01  7.869515e+01
1.167233e+01  7.769515e+01
1.167712e+01  7.669515e+01
1.168194e+01  7.569515e+01
1.168678e+01  7.469515e+01
1.169166e+01  7.369515e+01
1.169656e+01  7.269515e+01
1.170150e+01  7.169515e+01
1.170647e+01  7.069515e+01
1.171148e+01  6.969515e+01
1.171652e+01  6.869515e+01
1.172160e+01  6.769515e+01
1.172672e+01  6.669515e+01
1.173189e+01  6.569515e+01
1.173710e+01  6.469515e+01
1.174235e+01  6.369515e+01
1.174765e+01  6.269515e+01
1.175300e+01  6.169515e+01
1.175841e+01  6.069515e+01
1.176387e+01  5.969515e+01
1.176938e+01  5.869515e+01
1.177496e+01  5.769515e+01
1.178060e+01  5.669515e+01
1.178631e+01  5.569515e+01
1.179208e+01  5.469515e+01
1.179794e+01  5.369515e+01
1.180387e+01  5.269515e+01
1.180988e+01  5.169515e+01
1.181598e+01  5.069515e+01
1.182217e+01  4.969515e+01
1.182846e+01  4.869515e+01
1.183485e+01  4.769515e+01
1.184136e+01  4.669515e+01
1.184798e+01  4.569515e+01
1.185473e+01  4.469515e+01
1.186161e+01  4.369515e+01
1.186864e+01  4.269515e+01
1.187583e+01  4.169515e+01
1.188319e+01  4.069515e+01
1.189073e+01  3.969515e+01
1.189847e+01  3.869515e+01
1.190643e+01  3.769515e+01
1.191463e+01  3.669515e+01
1.192310e+01  3.569515e+01
1.193187e+01  3.469515e+01
1.194097e+01  3.369515e+01
1.195045e+01  3.269515e+01
1.196036e+01  3.169515e+01
1.197077e+01  3.069515e+01
1.198177e+01  2.969515e+01
1.199348e+01  2.869515e+01
1.200604e+01  2.769515e+01
1.201969e+01  2.669515e+01
1.203478e+01  2.569515e+01
1.205186e+01  2.469515e+01
1.207204e+01  2.369515e+01
1.209795e+01  2.269515e+01
1.214374e+01  2.169515e+01
1.296368e+01  7.580854e+01
1.293329e+01  7.480854e+01
1.290881e+01  7.380854e+01
1.288764e+01  7.280854e+01
1.286867e+01  7.180854e+01
1.285126e+01  7.080854e+01
1.283505e+01  6.980854e+01
1.281979e+01  6.880854e+01
1.280529e+01  6.780854e+01
1.279143e+01  6.680854e+01
1.277810e+01  6.580854e+01
1.276523e+01  6.480854e+01
1.275274e+01  6.380854e+01
1.274060e+01  6.280854e+01
1.272874e+01  6.180854e+01
1.271715e+01  6.080854e+01
1.270578e+01  5.980854e+01
1.269460e+01  5.880854e+01
1.268360e+01  5.780854e+01
1.267275e+01  5.680854e+01
1.266203e+01  5.580854e+01
1.265142e+01  5.480854e+01
1.264091e+01  5.380854e+01
1.263048e+01  5.280854e+01
1.262011e+01  5.180854e+01
1.260980e+01  5.080854e+01
1.259952e+01  4.980854e+01
1.258927e+01  4.880854e+01
1.257903e+01  4.780854e+01
1.256878e+01  4.680854e+01
1.255853e+01  4.580854e+01
1.254824e+01  4.480854e+01
1.253792e+01  4.380854e+01
1.252753e+01  4.280854e+01
1.251708e+01  4.180854e+01
1.250653e+01  4.080854e+01
1.249588e+01  3.980854e+01
1.248511e+01  3.880854e+01
1.247418e+01  3.780854e+01
1.246308e+01  3.680854e+01
1.245179e+01  3.580854e+01
1.244026e+01  3.480854e+01
1.242846e+01  3.380854e+01
1.241634e+01  3.280854e+01
1.240385e+01  3.180854e+01
1.239093e+01  3.080854e+01
1.237747e+01  2.980854e+01
1.236338e+01  2.880854e+01
1.234849e+01  2.780854e+01
1.233259e+01  2.680854e+01
1.231535e+01  2.580854e+01
1.229623e+01  2.480854e+01
1.227424e+01  2.380854e+01
1.224701e+01  2.280854e+01
1.220416e+01  2.180854e+01
1.315341e+01  7.580854e+01
1.318457e+01  7.480854e+01
1.320985e+01  7.380854e+01
1.323181e+01  7.280854e+01
1.325161e+01  7.180854e+01
1.326984e+01  7.080854e+01
1.328689e+01  6.980854e+01
1.330300e+01  6.880854e+01
1.331837e+01  6.780854e+01
1.333312e+01  6.680854e+01
1.334735e+01  6.580854e+01
1.336114e+01  6.480854e+01
1.337455e+01  6.380854e+01
1.338765e+01  6.280854e+01
1.340047e+01  6.180854e+01
1.341305e+01  6.080854e+01
1.342543e+01  5.980854e+01
1.343763e+01  5.880854e+01
1.344968e+01  5.780854e+01
1.346160e+01  5.680854e+01
1.347342e+01  5.580854e+01
1.348514e+01  5.480854e+01
1.349680e+01  5.380854e+01
1.350841e+01  5.280854e+01
1.351997e+01  5.180854e+01
1.353152e+01  5.080854e+01
1.354306e+01  4.980854e+01
1.355461e+01  4.880854e+01
1.356619e+01  4.780854e+01
1.357781e+01  4.680854e+01
1.358948e+01  4.580854e+01
1.360122e+01  4.480854e+01
1.361305e+01  4.380854e+01
1.362499e+01  4.280854e+01
1.363706e+01  4.180854e+01
1.364927e+01  4.080854e+01
1.366165e+01  3.980854e+01
1.367423e+01  3.880854e+01
1.368703e+01  3.780854e+01
1.370009e+01  3.680854e+01
1.371345e+01  3.580854e+01
1.372714e+01  3.480854e+01
1.374121e+01  3.380854e+01
1.375574e+01  3.280854e+01
1.377079e+01  3.180854e+01
1.378645e+01  3.080854e+01
1.380285e+01  2.980854e+01
1.382014e+01  2.880854e+01
1.383853e+01  2.780854e+01
1.385831e+01  2.680854e+01
1.387995e+01  2.580854e+01
1.390417e+01  2.480854e+01
1.393235e+01  2.380854e+01
1.396775e+01  2.280854e+01
1.402471e+01  2.180854e+01
1.498168e+01  5.995258e+01
1.493177e+01  5.895258e+01
1.489459e+01  5.795258e+01
1.486342e+01  5.695258e+01
1.483591e+01  5.595258e+01
1.481089e+01  5.495258e+01
1.478771e+01  5.395258e+01
1.476592e+01  5.295258e+01
1.474523e+01  5.195258e+01
1.472544e+01  5.095258e+01
1.470637e+01  4.995258e+01
1.468790e+01  4.895258e+01
1.466992e+01  4.795258e+01
1.465235e+01  4.695258e+01
1.463512e+01  4.595258e+01
1.461817e+01  4.495258e+01
1.460143e+01  4.395258e+01
1.458486e+01  4.295258e+01
1.456842e+01  4.195258e+01
1.455205e+01  4.095258e+01
1.453572e+01  3.995258e+01
1.451937e+01  3.895258e+01
1.450298e+01  3.795258e+01
1.448649e+01  3.695258e+01
1.446985e+01  3.595258e+01
1.445301e+01  3.495258e+01
1.443592e+01  3.395258e+01
1.441850e+01  3.295258e+01
1.440067e+01  3.195258e+01
1.438234e+01  3.095258e+01
1.436339e+01  2.995258e+01
1.434366e+01  2.895258e+01
1.432295e+01  2.795258e+01
1.430097e+01  2.695258e+01
1.427729e+01  2.595258e+01
1.425122e+01  2.495258e+01
1.422152e+01  2.395258e+01
1.418537e+01  2.295258e+01
1.413223e+01  2.195258e+01
1.518231e+01  5.995258e+01
1.523483e+01  5.895258e+01
1.527470e+01  5.795258e+01
1.530862e+01  5.695258e+01
1.533897e+01  5.595258e+01
1.536689e+01  5.495258e+01
1.539306e+01  5.395258e+01
1.541791e+01  5.295258e+01
1.544176e+01  5.195258e+01
1.546481e+01  5.095258e+01
1.548724e+01  4.995258e+01
1.550918e+01  4.895258e+01
1.553074e+01  4.795258e+01
1.555201e+01  4.695258e+01
1.557308e+01  4.595258e+01
1.559402e+01  4.495258e+01
1.561490e+01  4.395258e+01
1.563577e+01  4.295258e+01
1.565671e+01  4.195258e+01
1.567776e+01  4.095258e+01
1.569900e+01  3.995258e+01
1.572049e+01  3.895258e+01
1.574230e+01  3.795258e+01
1.576450e+01  3.695258e+01
1.578718e+01  3.595258e+01
1.581043e+01  3.495258e+01
1.583436e+01  3.395258e+01
1.585911e+01  3.295258e+01
1.588482e+01  3.195258e+01
1.591171e+01  3.095258e+01
1.594002e+01  2.995258e+01
1.597007e+01  2.895258e+01
1.600232e+01  2.795258e+01
1.603741e+01  2.695258e+01
1.607630e+01  2.595258e+01
1.612057e+01  2.495258e+01
1.617317e+01  2.395258e+01
1.624091e+01  2.295258e+01
1.635022e+01  2.195258e+01
1.083124e+01  1.996952e+02
1.081146e+01  1.986952e+02
1.079496e+01  1.976952e+02
1.078046e+01  1.966952e+02
1.076737e+01  1.956952e+02
1.075532e+01  1.946952e+02
1.074408e+01  1.936952e+02
1.073349e+01  1.926952e+02
1.072346e+01  1.916952e+02
1.071388e+01  1.906952e+02
1.070470e+01  1.896952e+02
1.069587e+01  1.886952e+02
1.068734e+01  1.876952e+02
1.067908e+01  1.866952e+02
1.067107e+01  1.856952e+02
1.066327e+01  1.846952e+02
1.065567e+01  1.836952e+02
1.064824e+01  1.826952e+02
1.064099e+01  1.816952e+02
1.063388e+01  1.806952e+02
1.062691e+01  1.796952e+02
1.062008e+01  1.786952e+02
1.061336e+01  1.776952e+02
1.060675e+01  1.766952e+02
1.060025e+01  1.756952e+02
1.059385e+01  1.746952e+02
1.058753e+01  1.736952e+02
1.058131e+01  1.726952e+02
1.057516e+01  1.716952e+02
1.056909e+01  1.706952e+02
1.056308e+01  1.696952e+02
1.055715e+01  1.686952e+02
1.055128e+01  1.676952e+02
1.054547e+01  1.666952e+02
1.053972e+01  1.656952e+02
1.053402e+01  1.646952e+02
1.052837e+01  1.636952e+02
1.052277e+01  1.626952e+02
1.051722e+01  1.616952e+02
1.051171e+01  1.606952e+02
1.050624e+01  1.596952e+02
1.050081e+01  1.586952e+02
1.049542e+01  1.576952e+02
1.049006e+01  1.566952e+02
1.048474e+01  1.556952e+02
1.047945e+01  1.546952e+02
1.047419e+01  1.536952e+02
1.046896e+01  1.526952e+02
1.046376e+01  1.516952e+02
1.045858e+01  1.506952e+02
1.045343e+01  1.496952e+02
1.044830e+01  1.486952e+02
1.044320e+01  1.476952e+02
1.043811e+01  1.466952e+02
1.043305e+01  1.456952e+02
1.042800e+01  1.446952e+02
1.042297e+01  1.436952e+02
1.041796e+01  1.426952e+02
1.041297e+01  1.416952e+02
1.040799e+01  1.406952e+02
1.040302e+01  1.396952e+02
1.039807e+01  1.386952e+02
1.039313e+01  1.376952e+02
1.038820e+01  1.366952e+02
1.038328e+01  1.356952e+02
1.037837e+01  1.346952e+02
1.037347e+01  1.336952e+02
1.036857e+01  1.326952e+02
1.036369e+01  1.316952e+02
1.035881e+01  1.306952e+02
1.035393e+01  1.296952e+02
1.034906e+01  1.286952e+02
1.034420e+01  1.276952e+02
1.033934e+01  1.266952e+02
1.033448e+01  1.256952e+02
1.032962e+01  1.246952e+02
1.032476e+01  1.236952e+02
1.031991e+01  1.226952e+02
1.031505e+01  1.216952e+02
1.031020e+01  1.206952e+02
1.030534e+01  1.196952e+02
1.030048e+01  1.186952e+02
1.029562e+01  1.176952e+02
1.029076e+01  1.166952e+02
1.028589e+01  1.156952e+02
1.028101e+01  1.146952e+02
1.027613e+01  1.136952e+02
1.027125e+01  1.126952e+02
1.026635e+01  1.116952e+02
1.026145e+01  1.106952e+02
1.025654e+01  1.096952e+02
1.025163e+01  1.086952e+02
1.024670e+01  1.076952e+02
1.024176e+01  1.066952e+02
1.023681e+01  1.056952e+02
1.023185e+01  1.046952e+02
1.022688e+01  1.036952e+02
1.022189e+01  1.026952e+02
1.021689e+01  1.016952e+02
1.021188e+01  1.006952e+02
1.020685e+01  9.969515e+01
1.020180e+01  9.869515e+01
1.019673e+01  9.769515e+01
1.019165e+01  9.669515e+01
1.018655e+01  9.569515e+01
1.018143e+01  9.469515e+01
1.017629e+01  9.369515e+01
1.017112e+01  9.269515e+01
1.016594e+01  9.169515e+01
1.016073e+01  9.069515e+01
1.015549e+01  8.969515e+01
1.015023e+01  8.869515e+01
1.014495e+01  8.769515e+01
1.013963e+01  8.669515e+01
1.013429e+01  8.569515e+01
1.012892e+01  8.469515e+01
1.012352e+01  8.369515e+01
1.011808e+01  8.269515e+01
1.011261e+01  8.169515e+01
1.010711e+01  8.069515e+01
1.010157e+01  7.969515e+01
1.009599e+01  7.869515e+01
1.009038e+01  7.769515e+01
1.008472e+01  7.669515e+01
1.007902e+01  7.569515e+01
1.007328e+01  7.469515e+01
1.006749e+01  7.369515e+01
1.006166e+01  7.269515e+01
1.005577e+01  7.169515e+01
1.004984e+01  7.069515e+01
1.004385e+01  6.969515e+01
1.003781e+01  6.869515e+01
1.003171e+01  6.769515e+01
1.002555e+01  6.669515e+01
1.001933e+01  6.569515e+01
1.001305e+01  6.469515e+01
1.000670e+01  6.369515e+01
1.000028e+01  6.269515e+01
9.993783e+00  6.169515e+01
9.987213e+00  6.069515e+01
9.980564e+00  5.969515e+01
9.973833e+00  5.869515e+01
9.967016e+00  5.769515e+01
9.960109e+00  5.669515e+01
9.953108e+00  5.569515e+01
9.946009e+00  5.469515e+01
9.938808e+00  5.369515e+01
9.931499e+00  5.269515e+01
9.924078e+00  5.169515e+01
9.916541e+00  5.069515e+01
9.908880e+00  4.969515e+01
9.901091e+00  4.869515e+01
9.893168e+00  4.769515e+01
9.885105e+00  4.669515e+01
9.876895e+00  4.569515e+01
9.868533e+00  4.469515e+01
9.860012e+00  4.369515e+01
9.851327e+00  4.269515e+01
9.842474e+00  4.169515e+01
9.833448e+00  4.069515e+01
9.824248e+00  3.969515e+01
9.814876e+00  3.869515e+01
9.805341e+00  3.769515e+01
9.795658e+00  3.669515e+01
9.785859e+00  3.569515e+01
9.775996e+00  3.469515e+01
9.766161e+00  3.369515e+01
9.756511e+00  3.269515e+01
9.747323e+00  3.169515e+01
9.739095e+00  3.069515e+01
9.732789e+00  2.969515e+01
9.730412e+00  2.869515e+01
9.736744e+00  2.769515e+01
9.765910e+00  2.669515e+01
9.881193e+00  2.569515e+01
1.044642e+01  2.469515e+01
1.086436e+01  2.369515e+01
1.106957e+01  2.269515e+01
1.126239e+01  2.169515e+01
1.098711e+01  1.996952e+02
1.100662e+01  1.986952e+02
1.102287e+01  1.976952e+02
1.103710e+01  1.966952e+02
1.104992e+01  1.956952e+02
1.106171e+01  1.946952e+02
1.107268e+01  1.936952e+02
1.108299e+01  1.926952e+02
1.109275e+01  1.916952e+02
1.110205e+01  1.906952e+02
1.111096e+01  1.896952e+02
1.111951e+01  1.886952e+02
1.112776e+01  1.876952e+02
1.113574e+01  1.866952e+02
1.114347e+01  1.856952e+02
1.115098e+01  1.846952e+02
1.115830e+01  1.836952e+02
1.116543e+01  1.826952e+02
1.117239e+01  1.816952e+02
1.117920e+01  1.806952e+02
1.118588e+01  1.796952e+02
1.119241e+01  1.786952e+02
1.119883e+01  1.776952e+02
1.120514e+01  1.766952e+02
1.121133e+01  1.756952e+02
1.121743e+01  1.746952e+02
1.122344e+01  1.736952e+02
1.122935e+01  1.726952e+02
1.123519e+01  1.716952e+02
1.124095e+01  1.706952e+02
1.124663e+01  1.696952e+02
1.125224e+01  1.686952e+02
1.125779e+01  1.676952e+02
1.126327e+01  1.666952e+02
1.126870e+01  1.656952e+02
1.127407e+01  1.646952e+02
1.127938e+01  1.636952e+02
1.128465e+01  1.626952e+02
1.128986e+01  1.616952e+02
1.129503e+01  1.606952e+02
1.130016e+01  1.596952e+02
1.130524e+01  1.586952e+02
1.131029e+01  1.576952e+02
1.131529e+01  1.566952e+02
1.132026e+01  1.556952e+02
1.132519e+01  1.546952e+02
1.133009e+01  1.536952e+02
1.133496e+01  1.526952e+02
1.133980e+01  1.516952e+02
1.134461e+01  1.506952e+02
1.134939e+01  1.496952e+02
1.135414e+01  1.486952e+02
1.135887e+01  1.476952e+02
1.136357e+01  1.466952e+02
1.136825e+01  1.456952e+02
1.137291e+01  1.446952e+02
1.137754e+01  1.436952e+02
1.138216e+01  1.426952e+02
1.138676e+01  1.416952e+02
1.139134e+01  1.406952e+02
1.139590e+01  1.396952e+02
1.140044e+01  1.386952e+02
1.140497e+01  1.376952e+02
1.140948e+01  1.366952e+02
1.141398e+01  1.356952e+02
1.141847e+01  1.346952e+02
1.142294e+01  1.336952e+02
1.142740e+01  1.326952e+02
1.143185e+01  1.316952e+02
1.143629e+01  1.306952e+02
1.144072e+01  1.296952e+02
1.144514e+01  1.286952e+02
1.144955e+01  1.276952e+02
1.145395e+01  1.266952e+02
1.145835e+01  1.256952e+02
1.146274e+01  1.246952e+02
1.146712e+01  1.236952e+02
1.147150e+01  1.226952e+02
1.147587e+01  1.216952e+02
1.148024e+01  1.206952e+02
1.148461e+01  1.196952e+02
1.148897e+01  1.186952e+02
1.149333e+01  1.176952e+02
1.149768e+01  1.166952e+02
1.150204e+01  1.156952e+02
1.150639e+01  1.146952e+02
1.151075e+01  1.136952e+02
1.151510e+01  1.126952e+02
1.151946e+01  1.116952e+02
1.152382e+01  1.106952e+02
1.152817e+01  1.096952e+02
1.153254e+01  1.086952e+02
1.153690e+01  1.076952e+02
1.154127e+01  1.066952e+02
1.154564e+01  1.056952e+02
1.155002e+01  1.046952e+02
1.155440e+01  1.036952e+02
1.155879e+01  1.026952e+02
1.156318e+01  1.016952e+02
1.156759e+01  1.006952e+02
1.157200e+01  9.969515e+01
1.157641e+01  9.869515e+01
1.158084e+01  9.769515e+01
1.158528e+01  9.669515e+01
1.158973e+01  9.569515e+01
1.159419e+01  9.469515e+01
1.159866e+01  9.369515e+01
1.160314e+01  9.269515e+01
1.160763e+01  9.169515e+01
1.161214e+01  9.069515e+01
1.161667e+01  8.969515e+01
1.162121e+01  8.869515e+01
1.162576e+01  8.769515e+01
1.163033e+01  8.669515e+01
1.163492e+01  8.569515e+01
1.163953e+01  8.469515e+01
1.164416e+01  8.369515e+01
1.164880e+01  8.269515e+01
1.165347e+01  8.169515e+01
1.165816e+01  8.069515e+01
1.166288e+01  7.969515e+01
1.166761e+01  7.869515e+01
1.167238e+01  7.769515e+01
1.167717e+01  7.669515e+01
1.168198e+01  7.569515e+01
1.168683e+01  7.469515e+01
1.169170e+01  7.369515e+01
1.169661e+01  7.269515e+01
1.170155e+01  7.169515e+01
1.170652e+01  7.069515e+01
1.171153e+01  6.969515e+01
1.171657e+01  6.869515e+01
1.172165e+01  6.769515e+01
1.172677e+01  6.669515e+01
1.173194e+01  6.569515e+01
1.173715e+01  6.469515e+01
1.174240e+01  6.369515e+01
1.174770e+01  6.269515e+01
1.175305e+01  6.169515e+01
1.175846e+01  6.069515e+01
1.176392e+01  5.969515e+01
1.176943e+01  5.869515e+01
1.177501e+01  5.769515e+01
1.178065e+01  5.669515e+01
1.178636e+01  5.569515e+01
1.179214e+01  5.469515e+01
1.179799e+01  5.369515e+01
1.180392e+01  5.269515e+01
1.180993e+01  5.169515e+01
1.181603e+01  5.069515e+01
1.182222e+01  4.969515e+01
1.182851e+01  4.869515e+01
1.183491e+01  4.769515e+01
1.184141e+01  4.669515e+01
1.184804e+01  4.569515e+01
1.185478e+01  4.469515e+01
1.186167e+01  4.369515e+01
1.186870e+01  4.269515e+01
1.187589e+01  4.169515e+01
1.188324e+01  4.069515e+01
1.189078e+01  3.969515e+01
1.189853e+01  3.869515e+01
1.190649e+01  3.769515e+01
1.191469e+01  3.669515e+01
1.192316e+01  3.569515e+01
1.193193e+01  3.469515e+01
1.194103e+01  3.369515e+01
1.195051e+01  3.269515e+01
1.196042e+01  3.169515e+01
1.197083e+01  3.069515e+01
1.198183e+01  2.969515e+01
1.199354e+01  2.869515e+01
1.200610e+01  2.769515e+01
1.201975e+01  2.669515e+01
1.203484e+01  2.569515e+01
1.205192e+01  2.469515e+01
1.207210e+01  2.369515e+01
1.209802e+01  2.269515e+01
1.214380e+01  2.169515e+01
1.296383e+01  7.580854e+01
1.293342e+01  7.480854e+01
1.290892e+01  7.380854e+01
1.288775e+01  7.280854e+01
1.286876e+01  7.180854e+01
1.285136e+01  7.080854e+01
1.283514e+01  6.980854e+01
1.281988e+01  6.880854e+01
1.280538e+01  6.780854e+01
1.279152e+01  6.680854e+01
1.277818e+01  6.580854e+01
1.276531e+01  6.480854e+01
1.275282e+01  6.380854e+01
1.274067e+01  6.280854e+01
1.272882e+01  6.180854e+01
1.271722e+01  6.080854e+01
1.270585e+01  5.980854e+01
1.269468e+01  5.880854e+01
1.268368e+01  5.780854e+01
1.267283e+01  5.680854e+01
1.266210e+01  5.580854e+01
1.265150e+01  5.480854e+01
1.264098e+01  5.380854e+01
1.263055e+01  5.280854e+01
1.262019e+01  5.180854e+01
1.260987e+01  5.080854e+01
1.259959e+01  4.980854e+01
1.258934e+01  4.880854e+01
1.257910e+01  4.780854e+01
1.256886e+01  4.680854e+01
1.255860e+01  4.580854e+01
1.254831e+01  4.480854e+01
1.253799e+01  4.380854e+01
1.252760e+01  4.280854e+01
1.251715e+01  4.180854e+01
1.250660e+01  4.080854e+01
1.249595e+01  3.980854e+01
1.248517e+01  3.880854e+01
1.247425e+01  3.780854e+01
1.246315e+01  3.680854e+01
1.245186e+01  3.580854e+01
1.244033e+01  3.480854e+01
1.242853e+01  3.380854e+01
1.241641e+01  3.280854e+01
1.240392e+01  3.180854e+01
1.239099e+01  3.080854e+01
1.237754e+01  2.980854e+01
1.236344e+01  2.880854e+01
1.234856e+01  2.780854e+01
1.233266e+01  2.680854e+01
1.231542e+01  2.580854e+01
1.229630e+01  2.480854e+01
1.227430e+01  2.380854e+01
1.224707e+01  2.280854e+01
1.220423e+01  2.180854e+01
1.315336e+01  7.580854e+01
1.318454e+01  7.480854e+01
1.320983e+01  7.380854e+01
1.323181e+01  7.280854e+01
1.325160e+01  7.180854e+01
1.326984e+01  7.080854e+01
1.328689e+01  6.980854e+01
1.330301e+01  6.880854e+01
1.331838e+01  6.780854e+01
1.333313e+01  6.680854e+01
1.334736e+01  6.580854e+01
1.336115e+01  6.480854e+01
1.337457e+01  6.380854e+01
1.338767e+01  6.280854e+01
1.340049e+01  6.180854e+01
1.341307e+01  6.080854e+01
1.342545e+01  5.980854e+01
1.343765e+01  5.880854e+01
1.344970e+01  5.780854e+01
1.346162e+01  5.680854e+01
1.347344e+01  5.580854e+01
1.348517e+01  5.480854e+01
1.349682e+01  5.380854e+01
1.350843e+01  5.280854e+01
1.352000e+01  5.180854e+01
1.353154e+01  5.080854e+01
1.354309e+01  4.980854e+01
1.355464e+01  4.880854e+01
1.356621e+01  4.780854e+01
1.357783e+01  4.680854e+01
1.358950e+01  4.580854e+01
1.360124e+01  4.480854e+01
1.361308e+01  4.380854e+01
1.362502e+01  4.280854e+01
1.363708e+01  4.180854e+01
1.364929e+01  4.080854e+01
1.366168e+01  3.980854e+01
1.367426e+01  3.880854e+01
1.368706e+01  3.780854e+01
1.370012e+01  3.680854e+01
1.371347e+01  3.580854e+01
1.372716e+01  3.480854e+01
1.374124e+01  3.380854e+01
1.375577e+01  3.280854e+01
1.377082e+01  3.180854e+01
1.378648e+01  3.080854e+01
1.380288e+01  2.980854e+01
1.382017e+01  2.880854e+01
1.383856e+01  2.780854e+01
1.385834e+01  2.680854e+01
1.387997e+01  2.580854e+01
1.390419e+01  2.480854e+01
1.393238e+01  2.380854e+01
1.396778e+01  2.280854e+01
1.402474e+01  2.180854e+01
1.498170e+01  5.995258e+01
1.493180e+01  5.895258e+01
1.489462e+01  5.795258e+01
1.486345e+01  5.695258e+01
1.483593e+01  5.595258e+01
1.481092e+01  5.495258e+01
1.478773e+01  5.395258e+01
1.476595e+01  5.295258e+01
1.474526e+01  5.195258e+01
1.472547e+01  5.095258e+01
1.470640e+01  4.995258e+01
1.468793e+01  4.895258e+01
1.466995e+01  4.795258e+01
1.465238e+01  4.695258e+01
1.463515e+01  4.595258e+01
1.461820e+01  4.495258e+01
1.460146e+01  4.395258e+01
1.458489e+01  4.295258e+01
1.456845e+01  4.195258e+01
1.455208e+01  4.095258e+01
1.453575e+01  3.995258e+01
1.451940e+01  3.895258e+01
1.450301e+01  3.795258e+01
1.448652e+01  3.695258e+01
1.446988e+01  3.595258e+01
1.445304e+01  3.495258e+01
1.443595e+01  3.395258e+01
1.441853e+01  3.295258e+01
1.440070e+01  3.195258e+01
1.438237e+01  3.095258e+01
1.436342e+01  2.995258e+01
1.434369e+01  2.895258e+01
1.432298e+01  2.795258e+01
1.430100e+01  2.695258e+01
1.427732e+01  2.595258e+01
1.425125e+01  2.495258e+01
1.422155e+01  2.395258e+01
1.418540e+01  2.295258e+01
1.413226e+01  2.195258e+01
1.518235e+01  5.995258e+01
1.523487e+01  5.895258e+01
1.527474e+01  5.795258e+01
1.530866e+01  5.695258e+01
1.533900e+01  5.595258e+01
1.536692e+01  5.495258e+01
1.539309e+01  5.395258e+01
1.541795e+01  5.295258e+01
1.544179e+01  5.195258e+01
1.546485e+01  5.095258e+01
1.548727e+01  4.995258e+01
1.550921e+01  4.895258e+01
1.553077e+01  4.795258e+01
1.555205e+01  4.695258e+01
1.557312e+01  4.595258e+01
1.559406e+01  4.495258e+01
1.561493e+01  4.395258e+01
1.563581e+01  4.295258e+01
1.565674e+01  4.195258e+01
1.567780e+01  4.095258e+01
1.569904e+01  3.995258e+01
1.572053e+01  3.895258e+01
1.574234e+01  3.795258e+01
1.576454e+01  3.695258e+01
1.578722e+01  3.595258e+01
1.581047e+01  3.495258e+01
1.583440e+01  3.395258e+01
1.585915e+01  3.295258e+01
1.588487e+01  3.195258e+01
1.591175e+01  3.095258e+01
1.594006e+01  2.995258e+01
1.597012e+01  2.895258e+01
1.600237e+01  2.795258e+01
1.603745e+01  2.695258e+01
1.607634e+01  2.595258e+01
1.612061e+01  2.495258e+01
1.617322e+01  2.395258e+01
1.624096e+01  2.295258e+01
1.635028e+01  2.195258e+01
