1.085048e+01  1.936952e+02
1.082708e+01  1.926952e+02
1.080867e+01  1.916952e+02
1.079295e+01  1.906952e+02
1.077897e+01  1.896952e+02
1.076625e+01  1.886952e+02
1.075447e+01  1.876952e+02
1.074344e+01  1.866952e+02
1.073303e+01  1.856952e+02
1.072313e+01  1.846952e+02
1.071367e+01  1.836952e+02
1.070459e+01  1.826952e+02
1.069584e+01  1.816952e+02
1.068737e+01  1.806952e+02
1.067917e+01  1.796952e+02
1.067120e+01  1.786952e+02
1.066345e+01  1.776952e+02
1.065588e+01  1.766952e+02
1.064849e+01  1.756952e+02
1.064126e+01  1.746952e+02
1.063417e+01  1.736952e+02
1.062722e+01  1.726952e+02
1.062040e+01  1.716952e+02
1.061369e+01  1.706952e+02
1.060710e+01  1.696952e+02
1.060060e+01  1.686952e+02
1.059420e+01  1.676952e+02
1.058789e+01  1.666952e+02
1.058166e+01  1.656952e+02
1.057551e+01  1.646952e+02
1.056944e+01  1.636952e+02
1.056343e+01  1.626952e+02
1.055749e+01  1.616952e+02
1.055161e+01  1.606952e+02
1.054580e+01  1.596952e+02
1.054003e+01  1.586952e+02
1.053432e+01  1.576952e+02
1.052866e+01  1.566952e+02
1.052305e+01  1.556952e+02
1.051748e+01  1.546952e+02
1.051196e+01  1.536952e+02
1.050647e+01  1.526952e+02
1.050103e+01  1.516952e+02
1.049562e+01  1.506952e+02
1.049024e+01  1.496952e+02
1.048490e+01  1.486952e+02
1.047959e+01  1.476952e+02
1.047431e+01  1.466952e+02
1.046905e+01  1.456952e+02
1.046383e+01  1.446952e+02
1.045862e+01  1.436952e+02
1.045345e+01  1.426952e+02
1.044829e+01  1.416952e+02
1.044316e+01  1.406952e+02
1.043805e+01  1.396952e+02
1.043295e+01  1.386952e+02
1.042788e+01  1.376952e+02
1.042282e+01  1.366952e+02
1.041778e+01  1.356952e+02
1.041275e+01  1.346952e+02
1.040773e+01  1.336952e+02
1.040273e+01  1.326952e+02
1.039774e+01  1.316952e+02
1.039277e+01  1.306952e+02
1.038780e+01  1.296952e+02
1.038284e+01  1.286952e+02
1.037789e+01  1.276952e+02
1.037295e+01  1.266952e+02
1.036801e+01  1.256952e+02
1.036309e+01  1.246952e+02
1.035816e+01  1.236952e+02
1.035324e+01  1.226952e+02
1.034833e+01  1.216952e+02
1.034341e+01  1.206952e+02
1.033850e+01  1.196952e+02
1.033359e+01  1.186952e+02
1.032869e+01  1.176952e+02
1.032378e+01  1.166952e+02
1.031887e+01  1.156952e+02
1.031396e+01  1.146952e+02
1.030905e+01  1.136952e+02
1.030413e+01  1.126952e+02
1.029921e+01  1.116952e+02
1.029429e+01  1.106952e+02
1.028936e+01  1.096952e+02
1.028442e+01  1.086952e+02
1.027948e+01  1.076952e+02
1.027453e+01  1.066952e+02
1.026957e+01  1.056952e+02
1.026461e+01  1.046952e+02
1.025963e+01  1.036952e+02
1.025465e+01  1.026952e+02
1.024965e+01  1.016952e+02
1.024464e+01  1.006952e+02
1.023962e+01  9.969515e+01
1.023459e+01  9.869515e+01
1.022954e+01  9.769515e+01
1.022447e+01  9.669515e+01
1.021939e+01  9.569515e+01
1.021429e+01  9.469515e+01
1.020918e+01  9.369515e+01
1.020404e+01  9.269515e+01
1.019889e+01  9.169515e+01
1.019371e+01  9.069515e+01
1.018852e+01  8.969515e+01
1.018330e+01  8.869515e+01
1.017805e+01  8.769515e+01
1.017279e+01  8.669515e+01
1.016749e+01  8.569515e+01
1.016217e+01  8.469515e+01
1.015682e+01  8.369515e+01
1.015145e+01  8.269515e+01
1.014604e+01  8.169515e+01
1.014060e+01  8.069515e+01
1.013512e+01  7.969515e+01
1.012961e+01  7.869515e+01
1.012407e+01  7.769515e+01
1.011849e+01  7.669515e+01
1.011287e+01  7.569515e+01
1.010720e+01  7.469515e+01
1.010150e+01  7.369515e+01
1.009575e+01  7.269515e+01
1.008996e+01  7.169515e+01
1.008411e+01  7.069515e+01
1.007822e+01  6.969515e+01
1.007227e+01  6.869515e+01
1.006627e+01  6.769515e+01
1.006022e+01  6.669515e+01
1.005410e+01  6.569515e+01
1.004792e+01  6.469515e+01
1.004168e+01  6.369515e+01
1.003536e+01  6.269515e+01
1.002898e+01  6.169515e+01
1.002252e+01  6.069515e+01
1.001599e+01  5.969515e+01
1.000937e+01  5.869515e+01
1.000266e+01  5.769515e+01
9.995871e+00  5.669515e+01
9.988982e+00  5.569515e+01
9.981992e+00  5.469515e+01
9.974897e+00  5.369515e+01
9.967691e+00  5.269515e+01
9.960367e+00  5.169515e+01
9.952919e+00  5.069515e+01
9.945338e+00  4.969515e+01
9.937617e+00  4.869515e+01
9.929747e+00  4.769515e+01
9.921717e+00  4.669515e+01
9.913518e+00  4.569515e+01
9.905136e+00  4.469515e+01
9.896559e+00  4.369515e+01
9.887771e+00  4.269515e+01
9.878756e+00  4.169515e+01
9.869495e+00  4.069515e+01
9.859965e+00  3.969515e+01
9.850143e+00  3.869515e+01
9.839999e+00  3.769515e+01
9.829502e+00  3.669515e+01
9.818611e+00  3.569515e+01
9.807281e+00  3.469515e+01
9.795457e+00  3.369515e+01
9.783071e+00  3.269515e+01
9.770041e+00  3.169515e+01
9.756262e+00  3.069515e+01
9.741600e+00  2.969515e+01
9.725875e+00  2.869515e+01
9.708844e+00  2.769515e+01
9.690153e+00  2.669515e+01
9.669265e+00  2.569515e+01
9.645283e+00  2.469515e+01
9.616491e+00  2.369515e+01
9.578673e+00  2.269515e+01
9.509219e+00  2.169515e+01
1.097649e+01  1.936952e+02
1.099965e+01  1.926952e+02
1.101783e+01  1.916952e+02
1.103331e+01  1.906952e+02
1.104705e+01  1.896952e+02
1.105954e+01  1.886952e+02
1.107108e+01  1.876952e+02
1.108186e+01  1.866952e+02
1.109203e+01  1.856952e+02
1.110168e+01  1.846952e+02
1.111090e+01  1.836952e+02
1.111973e+01  1.826952e+02
1.112824e+01  1.816952e+02
1.113645e+01  1.806952e+02
1.114439e+01  1.796952e+02
1.115211e+01  1.786952e+02
1.115961e+01  1.776952e+02
1.116692e+01  1.766952e+02
1.117405e+01  1.756952e+02
1.118102e+01  1.746952e+02
1.118784e+01  1.736952e+02
1.119452e+01  1.726952e+02
1.120108e+01  1.716952e+02
1.120752e+01  1.706952e+02
1.121384e+01  1.696952e+02
1.122007e+01  1.686952e+02
1.122619e+01  1.676952e+02
1.123223e+01  1.666952e+02
1.123817e+01  1.656952e+02
1.124404e+01  1.646952e+02
1.124983e+01  1.636952e+02
1.125556e+01  1.626952e+02
1.126121e+01  1.616952e+02
1.126680e+01  1.606952e+02
1.127232e+01  1.596952e+02
1.127779e+01  1.586952e+02
1.128321e+01  1.576952e+02
1.128857e+01  1.566952e+02
1.129388e+01  1.556952e+02
1.129915e+01  1.546952e+02
1.130437e+01  1.536952e+02
1.130954e+01  1.526952e+02
1.131468e+01  1.516952e+02
1.131978e+01  1.506952e+02
1.132484e+01  1.496952e+02
1.132986e+01  1.486952e+02
1.133485e+01  1.476952e+02
1.133981e+01  1.466952e+02
1.134474e+01  1.456952e+02
1.134963e+01  1.446952e+02
1.135450e+01  1.436952e+02
1.135935e+01  1.426952e+02
1.136416e+01  1.416952e+02
1.136896e+01  1.406952e+02
1.137373e+01  1.396952e+02
1.137848e+01  1.386952e+02
1.138320e+01  1.376952e+02
1.138791e+01  1.366952e+02
1.139260e+01  1.356952e+02
1.139727e+01  1.346952e+02
1.140192e+01  1.336952e+02
1.140656e+01  1.326952e+02
1.141118e+01  1.316952e+02
1.141578e+01  1.306952e+02
1.142037e+01  1.296952e+02
1.142495e+01  1.286952e+02
1.142952e+01  1.276952e+02
1.143408e+01  1.266952e+02
1.143862e+01  1.256952e+02
1.144316e+01  1.246952e+02
1.144768e+01  1.236952e+02
1.145220e+01  1.226952e+02
1.145671e+01  1.216952e+02
1.146122e+01  1.206952e+02
1.146571e+01  1.196952e+02
1.147020e+01  1.186952e+02
1.147469e+01  1.176952e+02
1.147917e+01  1.166952e+02
1.148365e+01  1.156952e+02
1.148812e+01  1.146952e+02
1.149259e+01  1.136952e+02
1.149706e+01  1.126952e+02
1.150153e+01  1.116952e+02
1.150600e+01  1.106952e+02
1.151047e+01  1.096952e+02
1.151494e+01  1.086952e+02
1.151941e+01  1.076952e+02
1.152388e+01  1.066952e+02
1.152835e+01  1.056952e+02
1.153283e+01  1.046952e+02
1.153731e+01  1.036952e+02
1.154180e+01  1.026952e+02
1.154629e+01  1.016952e+02
1.155078e+01  1.006952e+02
1.155529e+01  9.969515e+01
1.155979e+01  9.869515e+01
1.156431e+01  9.769515e+01
1.156884e+01  9.669515e+01
1.157337e+01  9.569515e+01
1.157791e+01  9.469515e+01
1.158247e+01  9.369515e+01
1.158703e+01  9.269515e+01
1.159161e+01  9.169515e+01
1.159620e+01  9.069515e+01
1.160080e+01  8.969515e+01
1.160542e+01  8.869515e+01
1.161005e+01  8.769515e+01
1.161470e+01  8.669515e+01
1.161936e+01  8.569515e+01
1.162404e+01  8.469515e+01
1.162874e+01  8.369515e+01
1.163346e+01  8.269515e+01
1.163820e+01  8.169515e+01
1.164296e+01  8.069515e+01
1.164774e+01  7.969515e+01
1.165255e+01  7.869515e+01
1.165738e+01  7.769515e+01
1.166223e+01  7.669515e+01
1.166711e+01  7.569515e+01
1.167202e+01  7.469515e+01
1.167696e+01  7.369515e+01
1.168193e+01  7.269515e+01
1.168693e+01  7.169515e+01
1.169196e+01  7.069515e+01
1.169703e+01  6.969515e+01
1.170213e+01  6.869515e+01
1.170727e+01  6.769515e+01
1.171245e+01  6.669515e+01
1.171767e+01  6.569515e+01
1.172293e+01  6.469515e+01
1.172824e+01  6.369515e+01
1.173360e+01  6.269515e+01
1.173900e+01  6.169515e+01
1.174446e+01  6.069515e+01
1.174997e+01  5.969515e+01
1.175554e+01  5.869515e+01
1.176117e+01  5.769515e+01
1.176686e+01  5.669515e+01
1.177262e+01  5.569515e+01
1.177845e+01  5.469515e+01
1.178435e+01  5.369515e+01
1.179032e+01  5.269515e+01
1.179638e+01  5.169515e+01
1.180253e+01  5.069515e+01
1.180877e+01  4.969515e+01
1.181510e+01  4.869515e+01
1.182154e+01  4.769515e+01
1.182809e+01  4.669515e+01
1.183475e+01  4.569515e+01
1.184155e+01  4.469515e+01
1.184847e+01  4.369515e+01
1.185554e+01  4.269515e+01
1.186277e+01  4.169515e+01
1.187017e+01  4.069515e+01
1.187775e+01  3.969515e+01
1.188553e+01  3.869515e+01
1.189353e+01  3.769515e+01
1.190176e+01  3.669515e+01
1.191027e+01  3.569515e+01
1.191907e+01  3.469515e+01
1.192821e+01  3.369515e+01
1.193772e+01  3.269515e+01
1.194766e+01  3.169515e+01
1.195811e+01  3.069515e+01
1.196913e+01  2.969515e+01
1.198086e+01  2.869515e+01
1.199345e+01  2.769515e+01
1.200713e+01  2.669515e+01
1.202223e+01  2.569515e+01
1.203933e+01  2.469515e+01
1.205951e+01  2.369515e+01
1.208542e+01  2.269515e+01
1.213114e+01  2.169515e+01
1.290381e+01  7.580854e+01
1.288337e+01  7.480854e+01
1.286496e+01  7.380854e+01
1.284801e+01  7.280854e+01
1.283219e+01  7.180854e+01
1.281728e+01  7.080854e+01
1.280309e+01  6.980854e+01
1.278952e+01  6.880854e+01
1.277646e+01  6.780854e+01
1.276383e+01  6.680854e+01
1.275159e+01  6.580854e+01
1.273968e+01  6.480854e+01
1.272806e+01  6.380854e+01
1.271669e+01  6.280854e+01
1.270554e+01  6.180854e+01
1.269458e+01  6.080854e+01
1.268380e+01  5.980854e+01
1.267317e+01  5.880854e+01
1.266267e+01  5.780854e+01
1.265228e+01  5.680854e+01
1.264200e+01  5.580854e+01
1.263180e+01  5.480854e+01
1.262167e+01  5.380854e+01
1.261160e+01  5.280854e+01
1.260157e+01  5.180854e+01
1.259157e+01  5.080854e+01
1.258160e+01  4.980854e+01
1.257163e+01  4.880854e+01
1.256167e+01  4.780854e+01
1.255168e+01  4.680854e+01
1.254168e+01  4.580854e+01
1.253163e+01  4.480854e+01
1.252153e+01  4.380854e+01
1.251136e+01  4.280854e+01
1.250112e+01  4.180854e+01
1.249078e+01  4.080854e+01
1.248032e+01  3.980854e+01
1.246973e+01  3.880854e+01
1.245899e+01  3.780854e+01
1.244806e+01  3.680854e+01
1.243693e+01  3.580854e+01
1.242557e+01  3.480854e+01
1.241393e+01  3.380854e+01
1.240196e+01  3.280854e+01
1.238963e+01  3.180854e+01
1.237685e+01  3.080854e+01
1.236354e+01  2.980854e+01
1.234958e+01  2.880854e+01
1.233483e+01  2.780854e+01
1.231907e+01  2.680854e+01
1.230197e+01  2.580854e+01
1.228299e+01  2.480854e+01
1.226113e+01  2.380854e+01
1.223406e+01  2.280854e+01
1.219140e+01  2.180854e+01
1.321111e+01  7.580854e+01
1.323232e+01  7.480854e+01
1.325153e+01  7.380854e+01
1.326928e+01  7.280854e+01
1.328591e+01  7.180854e+01
1.330165e+01  7.080854e+01
1.331668e+01  6.980854e+01
1.333111e+01  6.880854e+01
1.334504e+01  6.780854e+01
1.335854e+01  6.680854e+01
1.337168e+01  6.580854e+01
1.338451e+01  6.480854e+01
1.339707e+01  6.380854e+01
1.340939e+01  6.280854e+01
1.342151e+01  6.180854e+01
1.343345e+01  6.080854e+01
1.344524e+01  5.980854e+01
1.345690e+01  5.880854e+01
1.346845e+01  5.780854e+01
1.347990e+01  5.680854e+01
1.349128e+01  5.580854e+01
1.350260e+01  5.480854e+01
1.351388e+01  5.380854e+01
1.352513e+01  5.280854e+01
1.353636e+01  5.180854e+01
1.354759e+01  5.080854e+01
1.355883e+01  4.980854e+01
1.357009e+01  4.880854e+01
1.358140e+01  4.780854e+01
1.359276e+01  4.680854e+01
1.360418e+01  4.580854e+01
1.361569e+01  4.480854e+01
1.362730e+01  4.380854e+01
1.363902e+01  4.280854e+01
1.365088e+01  4.180854e+01
1.366290e+01  4.080854e+01
1.367509e+01  3.980854e+01
1.368749e+01  3.880854e+01
1.370011e+01  3.780854e+01
1.371300e+01  3.680854e+01
1.372620e+01  3.580854e+01
1.373973e+01  3.480854e+01
1.375366e+01  3.380854e+01
1.376804e+01  3.280854e+01
1.378295e+01  3.180854e+01
1.379848e+01  3.080854e+01
1.381474e+01  2.980854e+01
1.383191e+01  2.880854e+01
1.385017e+01  2.780854e+01
1.386984e+01  2.680854e+01
1.389136e+01  2.580854e+01
1.391547e+01  2.480854e+01
1.394356e+01  2.380854e+01
1.397886e+01  2.280854e+01
1.403575e+01  2.180854e+01
1.494343e+01  5.795258e+01
1.490345e+01  5.695258e+01
1.487065e+01  5.595258e+01
1.484201e+01  5.495258e+01
1.481613e+01  5.395258e+01
1.479224e+01  5.295258e+01
1.476986e+01  5.195258e+01
1.474866e+01  5.095258e+01
1.472840e+01  4.995258e+01
1.470890e+01  4.895258e+01
1.469002e+01  4.795258e+01
1.467166e+01  4.695258e+01
1.465373e+01  4.595258e+01
1.463614e+01  4.495258e+01
1.461883e+01  4.395258e+01
1.460173e+01  4.295258e+01
1.458481e+01  4.195258e+01
1.456800e+01  4.095258e+01
1.455126e+01  3.995258e+01
1.453454e+01  3.895258e+01
1.451779e+01  3.795258e+01
1.450097e+01  3.695258e+01
1.448402e+01  3.595258e+01
1.446689e+01  3.495258e+01
1.444953e+01  3.395258e+01
1.443185e+01  3.295258e+01
1.441378e+01  3.195258e+01
1.439521e+01  3.095258e+01
1.437604e+01  2.995258e+01
1.435610e+01  2.895258e+01
1.433519e+01  2.795258e+01
1.431301e+01  2.695258e+01
1.428914e+01  2.595258e+01
1.426290e+01  2.495258e+01
1.423302e+01  2.395258e+01
1.419670e+01  2.295258e+01
1.414337e+01  2.195258e+01
1.522432e+01  5.795258e+01
1.526703e+01  5.695258e+01
1.530263e+01  5.595258e+01
1.533415e+01  5.495258e+01
1.536298e+01  5.395258e+01
1.538991e+01  5.295258e+01
1.541542e+01  5.195258e+01
1.543984e+01  5.095258e+01
1.546343e+01  4.995258e+01
1.548636e+01  4.895258e+01
1.550878e+01  4.795258e+01
1.553081e+01  4.695258e+01
1.555255e+01  4.595258e+01
1.557408e+01  4.495258e+01
1.559548e+01  4.395258e+01
1.561683e+01  4.295258e+01
1.563819e+01  4.195258e+01
1.565964e+01  4.095258e+01
1.568123e+01  3.995258e+01
1.570303e+01  3.895258e+01
1.572513e+01  3.795258e+01
1.574758e+01  3.695258e+01
1.577049e+01  3.595258e+01
1.579394e+01  3.495258e+01
1.581805e+01  3.395258e+01
1.584295e+01  3.295258e+01
1.586880e+01  3.195258e+01
1.589579e+01  3.095258e+01
1.592417e+01  2.995258e+01
1.595426e+01  2.895258e+01
1.598651e+01  2.795258e+01
1.602155e+01  2.695258e+01
1.606033e+01  2.595258e+01
1.610441e+01  2.495258e+01
1.615667e+01  2.395258e+01
1.622379e+01  2.295258e+01
1.633161e+01  2.195258e+01
1.084321e+01  1.916952e+02
1.082381e+01  1.906952e+02
1.080758e+01  1.896952e+02
1.079332e+01  1.886952e+02
1.078042e+01  1.876952e+02
1.076856e+01  1.866952e+02
1.075749e+01  1.856952e+02
1.074708e+01  1.846952e+02
1.073721e+01  1.836952e+02
1.072780e+01  1.826952e+02
1.071878e+01  1.816952e+02
1.071010e+01  1.806952e+02
1.070173e+01  1.796952e+02
1.069363e+01  1.786952e+02
1.068577e+01  1.776952e+02
1.067813e+01  1.766952e+02
1.067068e+01  1.756952e+02
1.066342e+01  1.746952e+02
1.065632e+01  1.736952e+02
1.064937e+01  1.726952e+02
1.064257e+01  1.716952e+02
1.063589e+01  1.706952e+02
1.062934e+01  1.696952e+02
1.062290e+01  1.686952e+02
1.061657e+01  1.676952e+02
1.061033e+01  1.666952e+02
1.060419e+01  1.656952e+02
1.059814e+01  1.646952e+02
1.059217e+01  1.636952e+02
1.058627e+01  1.626952e+02
1.058045e+01  1.616952e+02
1.057471e+01  1.606952e+02
1.056902e+01  1.596952e+02
1.056340e+01  1.586952e+02
1.055785e+01  1.576952e+02
1.055234e+01  1.566952e+02
1.054690e+01  1.556952e+02
1.054150e+01  1.546952e+02
1.053615e+01  1.536952e+02
1.053085e+01  1.526952e+02
1.052560e+01  1.516952e+02
1.052039e+01  1.506952e+02
1.051522e+01  1.496952e+02
1.051009e+01  1.486952e+02
1.050500e+01  1.476952e+02
1.049995e+01  1.466952e+02
1.049493e+01  1.456952e+02
1.048994e+01  1.446952e+02
1.048499e+01  1.436952e+02
1.048007e+01  1.426952e+02
1.047517e+01  1.416952e+02
1.047031e+01  1.406952e+02
1.046548e+01  1.396952e+02
1.046067e+01  1.386952e+02
1.045589e+01  1.376952e+02
1.045113e+01  1.366952e+02
1.044640e+01  1.356952e+02
1.044169e+01  1.346952e+02
1.043700e+01  1.336952e+02
1.043234e+01  1.326952e+02
1.042770e+01  1.316952e+02
1.042308e+01  1.306952e+02
1.041847e+01  1.296952e+02
1.041389e+01  1.286952e+02
1.040933e+01  1.276952e+02
1.040478e+01  1.266952e+02
1.040026e+01  1.256952e+02
1.039575e+01  1.246952e+02
1.039125e+01  1.236952e+02
1.038678e+01  1.226952e+02
1.038232e+01  1.216952e+02
1.037787e+01  1.206952e+02
1.037345e+01  1.196952e+02
1.036903e+01  1.186952e+02
1.036464e+01  1.176952e+02
1.036026e+01  1.166952e+02
1.035589e+01  1.156952e+02
1.035154e+01  1.146952e+02
1.034720e+01  1.136952e+02
1.034288e+01  1.126952e+02
1.033857e+01  1.116952e+02
1.033428e+01  1.106952e+02
1.033000e+01  1.096952e+02
1.032574e+01  1.086952e+02
1.032149e+01  1.076952e+02
1.031726e+01  1.066952e+02
1.031304e+01  1.056952e+02
1.030884e+01  1.046952e+02
1.030466e+01  1.036952e+02
1.030049e+01  1.026952e+02
1.029634e+01  1.016952e+02
1.029221e+01  1.006952e+02
1.028810e+01  9.969515e+01
1.028401e+01  9.869515e+01
1.027994e+01  9.769515e+01
1.027589e+01  9.669515e+01
1.027186e+01  9.569515e+01
1.026786e+01  9.469515e+01
1.026388e+01  9.369515e+01
1.025993e+01  9.269515e+01
1.025601e+01  9.169515e+01
1.025212e+01  9.069515e+01
1.024826e+01  8.969515e+01
1.024444e+01  8.869515e+01
1.024066e+01  8.769515e+01
1.023691e+01  8.669515e+01
1.023322e+01  8.569515e+01
1.022956e+01  8.469515e+01
1.022596e+01  8.369515e+01
1.022242e+01  8.269515e+01
1.021894e+01  8.169515e+01
1.021552e+01  8.069515e+01
1.021217e+01  7.969515e+01
1.020891e+01  7.869515e+01
1.020573e+01  7.769515e+01
1.020264e+01  7.669515e+01
1.019966e+01  7.569515e+01
1.019679e+01  7.469515e+01
1.019405e+01  7.369515e+01
1.019144e+01  7.269515e+01
1.018899e+01  7.169515e+01
1.018671e+01  7.069515e+01
1.018462e+01  6.969515e+01
1.018275e+01  6.869515e+01
1.018111e+01  6.769515e+01
1.017973e+01  6.669515e+01
1.017865e+01  6.569515e+01
1.017791e+01  6.469515e+01
1.017755e+01  6.369515e+01
1.017762e+01  6.269515e+01
1.017817e+01  6.169515e+01
1.017929e+01  6.069515e+01
1.018104e+01  5.969515e+01
1.018352e+01  5.869515e+01
1.018686e+01  5.769515e+01
1.019117e+01  5.669515e+01
1.019663e+01  5.569515e+01
1.020341e+01  5.469515e+01
1.021175e+01  5.369515e+01
1.022192e+01  5.269515e+01
1.023423e+01  5.169515e+01
1.024905e+01  5.069515e+01
1.026679e+01  4.969515e+01
1.028791e+01  4.869515e+01
1.031285e+01  4.769515e+01
1.034201e+01  4.669515e+01
1.037562e+01  4.569515e+01
1.041364e+01  4.469515e+01
1.045567e+01  4.369515e+01
1.050092e+01  4.269515e+01
1.054834e+01  4.169515e+01
1.059678e+01  4.069515e+01
1.064524e+01  3.969515e+01
1.069297e+01  3.869515e+01
1.073946e+01  3.769515e+01
1.078447e+01  3.669515e+01
1.082795e+01  3.569515e+01
1.086993e+01  3.469515e+01
1.091057e+01  3.369515e+01
1.095003e+01  3.269515e+01
1.098852e+01  3.169515e+01
1.102630e+01  3.069515e+01
1.106363e+01  2.969515e+01
1.110081e+01  2.869515e+01
1.113820e+01  2.769515e+01
1.117627e+01  2.669515e+01
1.121569e+01  2.569515e+01
1.125746e+01  2.469515e+01
1.130345e+01  2.369515e+01
1.135815e+01  2.269515e+01
1.144528e+01  2.169515e+01
1.100053e+01  1.916952e+02
1.101982e+01  1.906952e+02
1.103594e+01  1.896952e+02
1.105010e+01  1.886952e+02
1.106288e+01  1.876952e+02
1.107464e+01  1.866952e+02
1.108560e+01  1.856952e+02
1.109591e+01  1.846952e+02
1.110567e+01  1.836952e+02
1.111498e+01  1.826952e+02
1.112390e+01  1.816952e+02
1.113247e+01  1.806952e+02
1.114074e+01  1.796952e+02
1.114874e+01  1.786952e+02
1.115650e+01  1.776952e+02
1.116404e+01  1.766952e+02
1.117138e+01  1.756952e+02
1.117855e+01  1.746952e+02
1.118555e+01  1.736952e+02
1.119240e+01  1.726952e+02
1.119911e+01  1.716952e+02
1.120569e+01  1.706952e+02
1.121214e+01  1.696952e+02
1.121849e+01  1.686952e+02
1.122473e+01  1.676952e+02
1.123088e+01  1.666952e+02
1.123693e+01  1.656952e+02
1.124289e+01  1.646952e+02
1.124877e+01  1.636952e+02
1.125458e+01  1.626952e+02
1.126031e+01  1.616952e+02
1.126598e+01  1.606952e+02
1.127158e+01  1.596952e+02
1.127712e+01  1.586952e+02
1.128260e+01  1.576952e+02
1.128803e+01  1.566952e+02
1.129340e+01  1.556952e+02
1.129872e+01  1.546952e+02
1.130400e+01  1.536952e+02
1.130923e+01  1.526952e+02
1.131442e+01  1.516952e+02
1.131956e+01  1.506952e+02
1.132467e+01  1.496952e+02
1.132974e+01  1.486952e+02
1.133477e+01  1.476952e+02
1.133977e+01  1.466952e+02
1.134474e+01  1.456952e+02
1.134968e+01  1.446952e+02
1.135459e+01  1.436952e+02
1.135947e+01  1.426952e+02
1.136432e+01  1.416952e+02
1.136915e+01  1.406952e+02
1.137395e+01  1.396952e+02
1.137873e+01  1.386952e+02
1.138349e+01  1.376952e+02
1.138822e+01  1.366952e+02
1.139294e+01  1.356952e+02
1.139764e+01  1.346952e+02
1.140232e+01  1.336952e+02
1.140698e+01  1.326952e+02
1.141163e+01  1.316952e+02
1.141626e+01  1.306952e+02
1.142087e+01  1.296952e+02
1.142548e+01  1.286952e+02
1.143007e+01  1.276952e+02
1.143465e+01  1.266952e+02
1.143921e+01  1.256952e+02
1.144377e+01  1.246952e+02
1.144832e+01  1.236952e+02
1.145285e+01  1.226952e+02
1.145738e+01  1.216952e+02
1.146191e+01  1.206952e+02
1.146642e+01  1.196952e+02
1.147093e+01  1.186952e+02
1.147543e+01  1.176952e+02
1.147993e+01  1.166952e+02
1.148443e+01  1.156952e+02
1.148892e+01  1.146952e+02
1.149341e+01  1.136952e+02
1.149789e+01  1.126952e+02
1.150238e+01  1.116952e+02
1.150686e+01  1.106952e+02
1.151134e+01  1.096952e+02
1.151583e+01  1.086952e+02
1.152031e+01  1.076952e+02
1.152480e+01  1.066952e+02
1.152929e+01  1.056952e+02
1.153378e+01  1.046952e+02
1.153827e+01  1.036952e+02
1.154277e+01  1.026952e+02
1.154727e+01  1.016952e+02
1.155178e+01  1.006952e+02
1.155629e+01  9.969515e+01
1.156082e+01  9.869515e+01
1.156534e+01  9.769515e+01
1.156988e+01  9.669515e+01
1.157443e+01  9.569515e+01
1.157898e+01  9.469515e+01
1.158355e+01  9.369515e+01
1.158812e+01  9.269515e+01
1.159271e+01  9.169515e+01
1.159731e+01  9.069515e+01
1.160192e+01  8.969515e+01
1.160655e+01  8.869515e+01
1.161119e+01  8.769515e+01
1.161585e+01  8.669515e+01
1.162052e+01  8.569515e+01
1.162521e+01  8.469515e+01
1.162992e+01  8.369515e+01
1.163465e+01  8.269515e+01
1.163940e+01  8.169515e+01
1.164416e+01  8.069515e+01
1.164895e+01  7.969515e+01
1.165377e+01  7.869515e+01
1.165861e+01  7.769515e+01
1.166347e+01  7.669515e+01
1.166836e+01  7.569515e+01
1.167327e+01  7.469515e+01
1.167822e+01  7.369515e+01
1.168320e+01  7.269515e+01
1.168820e+01  7.169515e+01
1.169324e+01  7.069515e+01
1.169832e+01  6.969515e+01
1.170343e+01  6.869515e+01
1.170857e+01  6.769515e+01
1.171376e+01  6.669515e+01
1.171899e+01  6.569515e+01
1.172426e+01  6.469515e+01
1.172958e+01  6.369515e+01
1.173494e+01  6.269515e+01
1.174035e+01  6.169515e+01
1.174582e+01  6.069515e+01
1.175133e+01  5.969515e+01
1.175691e+01  5.869515e+01
1.176254e+01  5.769515e+01
1.176824e+01  5.669515e+01
1.177401e+01  5.569515e+01
1.177984e+01  5.469515e+01
1.178574e+01  5.369515e+01
1.179173e+01  5.269515e+01
1.179779e+01  5.169515e+01
1.180395e+01  5.069515e+01
1.181019e+01  4.969515e+01
1.181653e+01  4.869515e+01
1.182297e+01  4.769515e+01
1.182953e+01  4.669515e+01
1.183620e+01  4.569515e+01
1.184300e+01  4.469515e+01
1.184993e+01  4.369515e+01
1.185701e+01  4.269515e+01
1.186424e+01  4.169515e+01
1.187164e+01  4.069515e+01
1.187923e+01  3.969515e+01
1.188701e+01  3.869515e+01
1.189502e+01  3.769515e+01
1.190326e+01  3.669515e+01
1.191177e+01  3.569515e+01
1.192058e+01  3.469515e+01
1.192972e+01  3.369515e+01
1.193924e+01  3.269515e+01
1.194919e+01  3.169515e+01
1.195964e+01  3.069515e+01
1.197067e+01  2.969515e+01
1.198241e+01  2.869515e+01
1.199500e+01  2.769515e+01
1.200868e+01  2.669515e+01
1.202379e+01  2.569515e+01
1.204090e+01  2.469515e+01
1.206109e+01  2.369515e+01
1.208700e+01  2.269515e+01
1.213275e+01  2.169515e+01
1.290681e+01  7.580854e+01
1.288615e+01  7.480854e+01
1.286758e+01  7.380854e+01
1.285051e+01  7.280854e+01
1.283460e+01  7.180854e+01
1.281961e+01  7.080854e+01
1.280536e+01  6.980854e+01
1.279173e+01  6.880854e+01
1.277863e+01  6.780854e+01
1.276596e+01  6.680854e+01
1.275369e+01  6.580854e+01
1.274174e+01  6.480854e+01
1.273009e+01  6.380854e+01
1.271869e+01  6.280854e+01
1.270752e+01  6.180854e+01
1.269654e+01  6.080854e+01
1.268574e+01  5.980854e+01
1.267509e+01  5.880854e+01
1.266458e+01  5.780854e+01
1.265418e+01  5.680854e+01
1.264388e+01  5.580854e+01
1.263366e+01  5.480854e+01
1.262352e+01  5.380854e+01
1.261344e+01  5.280854e+01
1.260340e+01  5.180854e+01
1.259339e+01  5.080854e+01
1.258341e+01  4.980854e+01
1.257343e+01  4.880854e+01
1.256346e+01  4.780854e+01
1.255347e+01  4.680854e+01
1.254345e+01  4.580854e+01
1.253340e+01  4.480854e+01
1.252329e+01  4.380854e+01
1.251312e+01  4.280854e+01
1.250286e+01  4.180854e+01
1.249251e+01  4.080854e+01
1.248205e+01  3.980854e+01
1.247146e+01  3.880854e+01
1.246071e+01  3.780854e+01
1.244978e+01  3.680854e+01
1.243864e+01  3.580854e+01
1.242727e+01  3.480854e+01
1.241563e+01  3.380854e+01
1.240366e+01  3.280854e+01
1.239131e+01  3.180854e+01
1.237853e+01  3.080854e+01
1.236521e+01  2.980854e+01
1.235126e+01  2.880854e+01
1.233650e+01  2.780854e+01
1.232073e+01  2.680854e+01
1.230363e+01  2.580854e+01
1.228464e+01  2.480854e+01
1.226278e+01  2.380854e+01
1.223569e+01  2.280854e+01
1.219302e+01  2.180854e+01
1.321027e+01  7.580854e+01
1.323170e+01  7.480854e+01
1.325106e+01  7.380854e+01
1.326893e+01  7.280854e+01
1.328565e+01  7.180854e+01
1.330148e+01  7.080854e+01
1.331657e+01  6.980854e+01
1.333105e+01  6.880854e+01
1.334503e+01  6.780854e+01
1.335858e+01  6.680854e+01
1.337175e+01  6.580854e+01
1.338461e+01  6.480854e+01
1.339720e+01  6.380854e+01
1.340955e+01  6.280854e+01
1.342169e+01  6.180854e+01
1.343365e+01  6.080854e+01
1.344546e+01  5.980854e+01
1.345714e+01  5.880854e+01
1.346871e+01  5.780854e+01
1.348018e+01  5.680854e+01
1.349158e+01  5.580854e+01
1.350291e+01  5.480854e+01
1.351420e+01  5.380854e+01
1.352546e+01  5.280854e+01
1.353671e+01  5.180854e+01
1.354795e+01  5.080854e+01
1.355920e+01  4.980854e+01
1.357047e+01  4.880854e+01
1.358179e+01  4.780854e+01
1.359315e+01  4.680854e+01
1.360459e+01  4.580854e+01
1.361610e+01  4.480854e+01
1.362772e+01  4.380854e+01
1.363945e+01  4.280854e+01
1.365132e+01  4.180854e+01
1.366334e+01  4.080854e+01
1.367554e+01  3.980854e+01
1.368794e+01  3.880854e+01
1.370058e+01  3.780854e+01
1.371348e+01  3.680854e+01
1.372667e+01  3.580854e+01
1.374021e+01  3.480854e+01
1.375414e+01  3.380854e+01
1.376853e+01  3.280854e+01
1.378344e+01  3.180854e+01
1.379898e+01  3.080854e+01
1.381525e+01  2.980854e+01
1.383242e+01  2.880854e+01
1.385069e+01  2.780854e+01
1.387036e+01  2.680854e+01
1.389188e+01  2.580854e+01
1.391600e+01  2.480854e+01
1.394409e+01  2.380854e+01
1.397940e+01  2.280854e+01
1.403629e+01  2.180854e+01
1.494351e+01  5.795258e+01
1.490366e+01  5.695258e+01
1.487093e+01  5.595258e+01
1.484233e+01  5.495258e+01
1.481649e+01  5.395258e+01
1.479263e+01  5.295258e+01
1.477027e+01  5.195258e+01
1.474908e+01  5.095258e+01
1.472883e+01  4.995258e+01
1.470934e+01  4.895258e+01
1.469048e+01  4.795258e+01
1.467213e+01  4.695258e+01
1.465420e+01  4.595258e+01
1.463662e+01  4.495258e+01
1.461931e+01  4.395258e+01
1.460223e+01  4.295258e+01
1.458531e+01  4.195258e+01
1.456850e+01  4.095258e+01
1.455177e+01  3.995258e+01
1.453505e+01  3.895258e+01
1.451831e+01  3.795258e+01
1.450149e+01  3.695258e+01
1.448455e+01  3.595258e+01
1.446742e+01  3.495258e+01
1.445006e+01  3.395258e+01
1.443238e+01  3.295258e+01
1.441431e+01  3.195258e+01
1.439575e+01  3.095258e+01
1.437658e+01  2.995258e+01
1.435664e+01  2.895258e+01
1.433573e+01  2.795258e+01
1.431356e+01  2.695258e+01
1.428969e+01  2.595258e+01
1.426344e+01  2.495258e+01
1.423357e+01  2.395258e+01
1.419725e+01  2.295258e+01
1.414393e+01  2.195258e+01
1.522562e+01  5.795258e+01
1.526820e+01  5.695258e+01
1.530373e+01  5.595258e+01
1.533521e+01  5.495258e+01
1.536402e+01  5.395258e+01
1.539092e+01  5.295258e+01
1.541641e+01  5.195258e+01
1.544083e+01  5.095258e+01
1.546440e+01  4.995258e+01
1.548733e+01  4.895258e+01
1.550974e+01  4.795258e+01
1.553177e+01  4.695258e+01
1.555350e+01  4.595258e+01
1.557503e+01  4.495258e+01
1.559643e+01  4.395258e+01
1.561778e+01  4.295258e+01
1.563914e+01  4.195258e+01
1.566059e+01  4.095258e+01
1.568218e+01  3.995258e+01
1.570398e+01  3.895258e+01
1.572608e+01  3.795258e+01
1.574854e+01  3.695258e+01
1.577145e+01  3.595258e+01
1.579491e+01  3.495258e+01
1.581902e+01  3.395258e+01
1.584393e+01  3.295258e+01
1.586978e+01  3.195258e+01
1.589678e+01  3.095258e+01
1.592517e+01  2.995258e+01
1.595528e+01  2.895258e+01
1.598755e+01  2.795258e+01
1.602261e+01  2.695258e+01
1.606141e+01  2.595258e+01
1.610551e+01  2.495258e+01
1.615781e+01  2.395258e+01
1.622499e+01  2.295258e+01
1.633293e+01  2.195258e+01
