1.083891e+01  1.896952e+02
1.081848e+01  1.886952e+02
1.080158e+01  1.876952e+02
1.078679e+01  1.866952e+02
1.077347e+01  1.856952e+02
1.076123e+01  1.846952e+02
1.074983e+01  1.836952e+02
1.073910e+01  1.826952e+02
1.072894e+01  1.816952e+02
1.071925e+01  1.806952e+02
1.070996e+01  1.796952e+02
1.070103e+01  1.786952e+02
1.069241e+01  1.776952e+02
1.068406e+01  1.766952e+02
1.067596e+01  1.756952e+02
1.066808e+01  1.746952e+02
1.066041e+01  1.736952e+02
1.065291e+01  1.726952e+02
1.064558e+01  1.716952e+02
1.063841e+01  1.706952e+02
1.063137e+01  1.696952e+02
1.062447e+01  1.686952e+02
1.061769e+01  1.676952e+02
1.061102e+01  1.666952e+02
1.060445e+01  1.656952e+02
1.059799e+01  1.646952e+02
1.059161e+01  1.636952e+02
1.058533e+01  1.626952e+02
1.057912e+01  1.616952e+02
1.057299e+01  1.606952e+02
1.056693e+01  1.596952e+02
1.056094e+01  1.586952e+02
1.055501e+01  1.576952e+02
1.054915e+01  1.566952e+02
1.054334e+01  1.556952e+02
1.053758e+01  1.546952e+02
1.053188e+01  1.536952e+02
1.052622e+01  1.526952e+02
1.052061e+01  1.516952e+02
1.051505e+01  1.506952e+02
1.050952e+01  1.496952e+02
1.050404e+01  1.486952e+02
1.049859e+01  1.476952e+02
1.049318e+01  1.466952e+02
1.048780e+01  1.456952e+02
1.048245e+01  1.446952e+02
1.047713e+01  1.436952e+02
1.047185e+01  1.426952e+02
1.046658e+01  1.416952e+02
1.046135e+01  1.406952e+02
1.045614e+01  1.396952e+02
1.045095e+01  1.386952e+02
1.044578e+01  1.376952e+02
1.044064e+01  1.366952e+02
1.043551e+01  1.356952e+02
1.043040e+01  1.346952e+02
1.042531e+01  1.336952e+02
1.042024e+01  1.326952e+02
1.041518e+01  1.316952e+02
1.041013e+01  1.306952e+02
1.040510e+01  1.296952e+02
1.040008e+01  1.286952e+02
1.039507e+01  1.276952e+02
1.039007e+01  1.266952e+02
1.038508e+01  1.256952e+02
1.038010e+01  1.246952e+02
1.037513e+01  1.236952e+02
1.037016e+01  1.226952e+02
1.036520e+01  1.216952e+02
1.036025e+01  1.206952e+02
1.035530e+01  1.196952e+02
1.035035e+01  1.186952e+02
1.034541e+01  1.176952e+02
1.034046e+01  1.166952e+02
1.033552e+01  1.156952e+02
1.033058e+01  1.146952e+02
1.032564e+01  1.136952e+02
1.032070e+01  1.126952e+02
1.031575e+01  1.116952e+02
1.031081e+01  1.106952e+02
1.030586e+01  1.096952e+02
1.030090e+01  1.086952e+02
1.029594e+01  1.076952e+02
1.029098e+01  1.066952e+02
1.028601e+01  1.056952e+02
1.028103e+01  1.046952e+02
1.027604e+01  1.036952e+02
1.027105e+01  1.026952e+02
1.026605e+01  1.016952e+02
1.026103e+01  1.006952e+02
1.025601e+01  9.969515e+01
1.025097e+01  9.869515e+01
1.024592e+01  9.769515e+01
1.024086e+01  9.669515e+01
1.023578e+01  9.569515e+01
1.023069e+01  9.469515e+01
1.022558e+01  9.369515e+01
1.022045e+01  9.269515e+01
1.021531e+01  9.169515e+01
1.021014e+01  9.069515e+01
1.020496e+01  8.969515e+01
1.019976e+01  8.869515e+01
1.019453e+01  8.769515e+01
1.018928e+01  8.669515e+01
1.018401e+01  8.569515e+01
1.017871e+01  8.469515e+01
1.017339e+01  8.369515e+01
1.016804e+01  8.269515e+01
1.016266e+01  8.169515e+01
1.015725e+01  8.069515e+01
1.015181e+01  7.969515e+01
1.014633e+01  7.869515e+01
1.014082e+01  7.769515e+01
1.013528e+01  7.669515e+01
1.012970e+01  7.569515e+01
1.012408e+01  7.469515e+01
1.011842e+01  7.369515e+01
1.011272e+01  7.269515e+01
1.010698e+01  7.169515e+01
1.010119e+01  7.069515e+01
1.009535e+01  6.969515e+01
1.008946e+01  6.869515e+01
1.008352e+01  6.769515e+01
1.007753e+01  6.669515e+01
1.007148e+01  6.569515e+01
1.006537e+01  6.469515e+01
1.005920e+01  6.369515e+01
1.005297e+01  6.269515e+01
1.004666e+01  6.169515e+01
1.004029e+01  6.069515e+01
1.003384e+01  5.969515e+01
1.002731e+01  5.869515e+01
1.002071e+01  5.769515e+01
1.001401e+01  5.669515e+01
1.000723e+01  5.569515e+01
1.000035e+01  5.469515e+01
9.993371e+00  5.369515e+01
9.986285e+00  5.269515e+01
9.979088e+00  5.169515e+01
9.971772e+00  5.069515e+01
9.964330e+00  4.969515e+01
9.956755e+00  4.869515e+01
9.949039e+00  4.769515e+01
9.941171e+00  4.669515e+01
9.933142e+00  4.569515e+01
9.924940e+00  4.469515e+01
9.916552e+00  4.369515e+01
9.907965e+00  4.269515e+01
9.899163e+00  4.169515e+01
9.890127e+00  4.069515e+01
9.880837e+00  3.969515e+01
9.871271e+00  3.869515e+01
9.861401e+00  3.769515e+01
9.851197e+00  3.669515e+01
9.840621e+00  3.569515e+01
9.829632e+00  3.469515e+01
9.818177e+00  3.369515e+01
9.806194e+00  3.269515e+01
9.793605e+00  3.169515e+01
9.780314e+00  3.069515e+01
9.766194e+00  2.969515e+01
9.751081e+00  2.869515e+01
9.734746e+00  2.769515e+01
9.716863e+00  2.669515e+01
9.696935e+00  2.569515e+01
9.674134e+00  2.469515e+01
9.646879e+00  2.369515e+01
9.611293e+00  2.269515e+01
9.546654e+00  2.169515e+01
1.099112e+01  1.896952e+02
1.101132e+01  1.886952e+02
1.102801e+01  1.876952e+02
1.104256e+01  1.866952e+02
1.105566e+01  1.856952e+02
1.106768e+01  1.846952e+02
1.107885e+01  1.836952e+02
1.108934e+01  1.826952e+02
1.109927e+01  1.816952e+02
1.110873e+01  1.806952e+02
1.111778e+01  1.796952e+02
1.112648e+01  1.786952e+02
1.113486e+01  1.776952e+02
1.114297e+01  1.766952e+02
1.115083e+01  1.756952e+02
1.115847e+01  1.746952e+02
1.116590e+01  1.736952e+02
1.117315e+01  1.726952e+02
1.118023e+01  1.716952e+02
1.118716e+01  1.706952e+02
1.119394e+01  1.696952e+02
1.120059e+01  1.686952e+02
1.120712e+01  1.676952e+02
1.121353e+01  1.666952e+02
1.121984e+01  1.656952e+02
1.122605e+01  1.646952e+02
1.123216e+01  1.636952e+02
1.123818e+01  1.626952e+02
1.124412e+01  1.616952e+02
1.124999e+01  1.606952e+02
1.125578e+01  1.596952e+02
1.126150e+01  1.586952e+02
1.126715e+01  1.576952e+02
1.127274e+01  1.566952e+02
1.127827e+01  1.556952e+02
1.128375e+01  1.546952e+02
1.128917e+01  1.536952e+02
1.129454e+01  1.526952e+02
1.129987e+01  1.516952e+02
1.130515e+01  1.506952e+02
1.131038e+01  1.496952e+02
1.131557e+01  1.486952e+02
1.132073e+01  1.476952e+02
1.132584e+01  1.466952e+02
1.133092e+01  1.456952e+02
1.133597e+01  1.446952e+02
1.134098e+01  1.436952e+02
1.134596e+01  1.426952e+02
1.135091e+01  1.416952e+02
1.135583e+01  1.406952e+02
1.136073e+01  1.396952e+02
1.136560e+01  1.386952e+02
1.137045e+01  1.376952e+02
1.137527e+01  1.366952e+02
1.138007e+01  1.356952e+02
1.138485e+01  1.346952e+02
1.138961e+01  1.336952e+02
1.139435e+01  1.326952e+02
1.139907e+01  1.316952e+02
1.140377e+01  1.306952e+02
1.140846e+01  1.296952e+02
1.141313e+01  1.286952e+02
1.141779e+01  1.276952e+02
1.142244e+01  1.266952e+02
1.142707e+01  1.256952e+02
1.143169e+01  1.246952e+02
1.143630e+01  1.236952e+02
1.144090e+01  1.226952e+02
1.144549e+01  1.216952e+02
1.145007e+01  1.206952e+02
1.145465e+01  1.196952e+02
1.145921e+01  1.186952e+02
1.146377e+01  1.176952e+02
1.146832e+01  1.166952e+02
1.147287e+01  1.156952e+02
1.147741e+01  1.146952e+02
1.148195e+01  1.136952e+02
1.148649e+01  1.126952e+02
1.149102e+01  1.116952e+02
1.149555e+01  1.106952e+02
1.150008e+01  1.096952e+02
1.150461e+01  1.086952e+02
1.150914e+01  1.076952e+02
1.151367e+01  1.066952e+02
1.151821e+01  1.056952e+02
1.152274e+01  1.046952e+02
1.152728e+01  1.036952e+02
1.153182e+01  1.026952e+02
1.153636e+01  1.016952e+02
1.154091e+01  1.006952e+02
1.154546e+01  9.969515e+01
1.155002e+01  9.869515e+01
1.155459e+01  9.769515e+01
1.155917e+01  9.669515e+01
1.156375e+01  9.569515e+01
1.156834e+01  9.469515e+01
1.157294e+01  9.369515e+01
1.157755e+01  9.269515e+01
1.158217e+01  9.169515e+01
1.158681e+01  9.069515e+01
1.159146e+01  8.969515e+01
1.159612e+01  8.869515e+01
1.160079e+01  8.769515e+01
1.160548e+01  8.669515e+01
1.161018e+01  8.569515e+01
1.161491e+01  8.469515e+01
1.161965e+01  8.369515e+01
1.162440e+01  8.269515e+01
1.162918e+01  8.169515e+01
1.163398e+01  8.069515e+01
1.163880e+01  7.969515e+01
1.164364e+01  7.869515e+01
1.164851e+01  7.769515e+01
1.165340e+01  7.669515e+01
1.165832e+01  7.569515e+01
1.166326e+01  7.469515e+01
1.166823e+01  7.369515e+01
1.167323e+01  7.269515e+01
1.167827e+01  7.169515e+01
1.168333e+01  7.069515e+01
1.168843e+01  6.969515e+01
1.169357e+01  6.869515e+01
1.169874e+01  6.769515e+01
1.170395e+01  6.669515e+01
1.170920e+01  6.569515e+01
1.171450e+01  6.469515e+01
1.171983e+01  6.369515e+01
1.172522e+01  6.269515e+01
1.173065e+01  6.169515e+01
1.173614e+01  6.069515e+01
1.174168e+01  5.969515e+01
1.174728e+01  5.869515e+01
1.175293e+01  5.769515e+01
1.175865e+01  5.669515e+01
1.176444e+01  5.569515e+01
1.177029e+01  5.469515e+01
1.177621e+01  5.369515e+01
1.178222e+01  5.269515e+01
1.178830e+01  5.169515e+01
1.179447e+01  5.069515e+01
1.180074e+01  4.969515e+01
1.180710e+01  4.869515e+01
1.181356e+01  4.769515e+01
1.182013e+01  4.669515e+01
1.182682e+01  4.569515e+01
1.183363e+01  4.469515e+01
1.184058e+01  4.369515e+01
1.184767e+01  4.269515e+01
1.185492e+01  4.169515e+01
1.186234e+01  4.069515e+01
1.186994e+01  3.969515e+01
1.187774e+01  3.869515e+01
1.188576e+01  3.769515e+01
1.189402e+01  3.669515e+01
1.190254e+01  3.569515e+01
1.191136e+01  3.469515e+01
1.192052e+01  3.369515e+01
1.193005e+01  3.269515e+01
1.194001e+01  3.169515e+01
1.195046e+01  3.069515e+01
1.196151e+01  2.969515e+01
1.197325e+01  2.869515e+01
1.198585e+01  2.769515e+01
1.199954e+01  2.669515e+01
1.201465e+01  2.569515e+01
1.203176e+01  2.469515e+01
1.205194e+01  2.369515e+01
1.207784e+01  2.269515e+01
1.212354e+01  2.169515e+01
1.287769e+01  7.580854e+01
1.285983e+01  7.480854e+01
1.284332e+01  7.380854e+01
1.282787e+01  7.280854e+01
1.281326e+01  7.180854e+01
1.279934e+01  7.080854e+01
1.278601e+01  6.980854e+01
1.277316e+01  6.880854e+01
1.276074e+01  6.780854e+01
1.274869e+01  6.680854e+01
1.273695e+01  6.580854e+01
1.272549e+01  6.480854e+01
1.271428e+01  6.380854e+01
1.270328e+01  6.280854e+01
1.269247e+01  6.180854e+01
1.268183e+01  6.080854e+01
1.267134e+01  5.980854e+01
1.266098e+01  5.880854e+01
1.265073e+01  5.780854e+01
1.264058e+01  5.680854e+01
1.263052e+01  5.580854e+01
1.262052e+01  5.480854e+01
1.261059e+01  5.380854e+01
1.260070e+01  5.280854e+01
1.259084e+01  5.180854e+01
1.258101e+01  5.080854e+01
1.257120e+01  4.980854e+01
1.256138e+01  4.880854e+01
1.255155e+01  4.780854e+01
1.254171e+01  4.680854e+01
1.253183e+01  4.580854e+01
1.252191e+01  4.480854e+01
1.251192e+01  4.380854e+01
1.250187e+01  4.280854e+01
1.249174e+01  4.180854e+01
1.248150e+01  4.080854e+01
1.247115e+01  3.980854e+01
1.246065e+01  3.880854e+01
1.245001e+01  3.780854e+01
1.243918e+01  3.680854e+01
1.242814e+01  3.580854e+01
1.241686e+01  3.480854e+01
1.240530e+01  3.380854e+01
1.239342e+01  3.280854e+01
1.238116e+01  3.180854e+01
1.236846e+01  3.080854e+01
1.235522e+01  2.980854e+01
1.234134e+01  2.880854e+01
1.232667e+01  2.780854e+01
1.231098e+01  2.680854e+01
1.229395e+01  2.580854e+01
1.227504e+01  2.480854e+01
1.225326e+01  2.380854e+01
1.222626e+01  2.280854e+01
1.218370e+01  2.180854e+01
1.323537e+01  7.580854e+01
1.325401e+01  7.480854e+01
1.327131e+01  7.380854e+01
1.328757e+01  7.280854e+01
1.330299e+01  7.180854e+01
1.331773e+01  7.080854e+01
1.333190e+01  6.980854e+01
1.334560e+01  6.880854e+01
1.335889e+01  6.780854e+01
1.337183e+01  6.680854e+01
1.338446e+01  6.580854e+01
1.339684e+01  6.480854e+01
1.340898e+01  6.380854e+01
1.342093e+01  6.280854e+01
1.343271e+01  6.180854e+01
1.344433e+01  6.080854e+01
1.345583e+01  5.980854e+01
1.346722e+01  5.880854e+01
1.347852e+01  5.780854e+01
1.348974e+01  5.680854e+01
1.350090e+01  5.580854e+01
1.351201e+01  5.480854e+01
1.352309e+01  5.380854e+01
1.353416e+01  5.280854e+01
1.354521e+01  5.180854e+01
1.355628e+01  5.080854e+01
1.356736e+01  4.980854e+01
1.357848e+01  4.880854e+01
1.358964e+01  4.780854e+01
1.360086e+01  4.680854e+01
1.361216e+01  4.580854e+01
1.362354e+01  4.480854e+01
1.363503e+01  4.380854e+01
1.364664e+01  4.280854e+01
1.365839e+01  4.180854e+01
1.367030e+01  4.080854e+01
1.368240e+01  3.980854e+01
1.369470e+01  3.880854e+01
1.370723e+01  3.780854e+01
1.372003e+01  3.680854e+01
1.373314e+01  3.580854e+01
1.374659e+01  3.480854e+01
1.376043e+01  3.380854e+01
1.377474e+01  3.280854e+01
1.378957e+01  3.180854e+01
1.380503e+01  3.080854e+01
1.382123e+01  2.980854e+01
1.383832e+01  2.880854e+01
1.385652e+01  2.780854e+01
1.387613e+01  2.680854e+01
1.389759e+01  2.580854e+01
1.392164e+01  2.480854e+01
1.394968e+01  2.380854e+01
1.398493e+01  2.280854e+01
1.404179e+01  2.180854e+01
1.498031e+01  5.795258e+01
1.493016e+01  5.695258e+01
1.489263e+01  5.595258e+01
1.486110e+01  5.495258e+01
1.483323e+01  5.395258e+01
1.480786e+01  5.295258e+01
1.478432e+01  5.195258e+01
1.476218e+01  5.095258e+01
1.474114e+01  4.995258e+01
1.472098e+01  4.895258e+01
1.470154e+01  4.795258e+01
1.468268e+01  4.695258e+01
1.466430e+01  4.595258e+01
1.464632e+01  4.495258e+01
1.462866e+01  4.395258e+01
1.461125e+01  4.295258e+01
1.459403e+01  4.195258e+01
1.457696e+01  4.095258e+01
1.455997e+01  3.995258e+01
1.454302e+01  3.895258e+01
1.452607e+01  3.795258e+01
1.450905e+01  3.695258e+01
1.449192e+01  3.595258e+01
1.447462e+01  3.495258e+01
1.445709e+01  3.395258e+01
1.443926e+01  3.295258e+01
1.442104e+01  3.195258e+01
1.440234e+01  3.095258e+01
1.438304e+01  2.995258e+01
1.436297e+01  2.895258e+01
1.434194e+01  2.795258e+01
1.431965e+01  2.695258e+01
1.429568e+01  2.595258e+01
1.426932e+01  2.495258e+01
1.423934e+01  2.395258e+01
1.420292e+01  2.295258e+01
1.414949e+01  2.195258e+01
1.518628e+01  5.795258e+01
1.523914e+01  5.695258e+01
1.527946e+01  5.595258e+01
1.531384e+01  5.495258e+01
1.534465e+01  5.395258e+01
1.537305e+01  5.295258e+01
1.539970e+01  5.195258e+01
1.542504e+01  5.095258e+01
1.544939e+01  4.995258e+01
1.547296e+01  4.895258e+01
1.549593e+01  4.795258e+01
1.551843e+01  4.695258e+01
1.554058e+01  4.595258e+01
1.556248e+01  4.495258e+01
1.558421e+01  4.395258e+01
1.560585e+01  4.295258e+01
1.562748e+01  4.195258e+01
1.564916e+01  4.095258e+01
1.567096e+01  3.995258e+01
1.569295e+01  3.895258e+01
1.571522e+01  3.795258e+01
1.573783e+01  3.695258e+01
1.576087e+01  3.595258e+01
1.578445e+01  3.495258e+01
1.580867e+01  3.395258e+01
1.583366e+01  3.295258e+01
1.585958e+01  3.195258e+01
1.588663e+01  3.095258e+01
1.591506e+01  2.995258e+01
1.594518e+01  2.895258e+01
1.597744e+01  2.795258e+01
1.601246e+01  2.695258e+01
1.605118e+01  2.595258e+01
1.609515e+01  2.495258e+01
1.614724e+01  2.395258e+01
1.621402e+01  2.295258e+01
1.632103e+01  2.195258e+01
1.086303e+01  1.876952e+02
1.084151e+01  1.866952e+02
1.082421e+01  1.856952e+02
1.080930e+01  1.846952e+02
1.079598e+01  1.836952e+02
1.078383e+01  1.826952e+02
1.077256e+01  1.816952e+02
1.076201e+01  1.806952e+02
1.075205e+01  1.796952e+02
1.074258e+01  1.786952e+02
1.073353e+01  1.776952e+02
1.072485e+01  1.766952e+02
1.071649e+01  1.756952e+02
1.070841e+01  1.746952e+02
1.070059e+01  1.736952e+02
1.069300e+01  1.726952e+02
1.068562e+01  1.716952e+02
1.067843e+01  1.706952e+02
1.067141e+01  1.696952e+02
1.066456e+01  1.686952e+02
1.065785e+01  1.676952e+02
1.065128e+01  1.666952e+02
1.064483e+01  1.656952e+02
1.063851e+01  1.646952e+02
1.063230e+01  1.636952e+02
1.062619e+01  1.626952e+02
1.062018e+01  1.616952e+02
1.061427e+01  1.606952e+02
1.060844e+01  1.596952e+02
1.060270e+01  1.586952e+02
1.059704e+01  1.576952e+02
1.059145e+01  1.566952e+02
1.058593e+01  1.556952e+02
1.058048e+01  1.546952e+02
1.057510e+01  1.536952e+02
1.056978e+01  1.526952e+02
1.056452e+01  1.516952e+02
1.055932e+01  1.506952e+02
1.055417e+01  1.496952e+02
1.054908e+01  1.486952e+02
1.054403e+01  1.476952e+02
1.053904e+01  1.466952e+02
1.053409e+01  1.456952e+02
1.052919e+01  1.446952e+02
1.052434e+01  1.436952e+02
1.051952e+01  1.426952e+02
1.051475e+01  1.416952e+02
1.051002e+01  1.406952e+02
1.050533e+01  1.396952e+02
1.050068e+01  1.386952e+02
1.049607e+01  1.376952e+02
1.049149e+01  1.366952e+02
1.048695e+01  1.356952e+02
1.048245e+01  1.346952e+02
1.047798e+01  1.336952e+02
1.047354e+01  1.326952e+02
1.046914e+01  1.316952e+02
1.046477e+01  1.306952e+02
1.046043e+01  1.296952e+02
1.045613e+01  1.286952e+02
1.045186e+01  1.276952e+02
1.044762e+01  1.266952e+02
1.044341e+01  1.256952e+02
1.043923e+01  1.246952e+02
1.043509e+01  1.236952e+02
1.043097e+01  1.226952e+02
1.042689e+01  1.216952e+02
1.042284e+01  1.206952e+02
1.041883e+01  1.196952e+02
1.041484e+01  1.186952e+02
1.041089e+01  1.176952e+02
1.040697e+01  1.166952e+02
1.040309e+01  1.156952e+02
1.039924e+01  1.146952e+02
1.039542e+01  1.136952e+02
1.039164e+01  1.126952e+02
1.038790e+01  1.116952e+02
1.038420e+01  1.106952e+02
1.038053e+01  1.096952e+02
1.037691e+01  1.086952e+02
1.037332e+01  1.076952e+02
1.036978e+01  1.066952e+02
1.036628e+01  1.056952e+02
1.036283e+01  1.046952e+02
1.035943e+01  1.036952e+02
1.035608e+01  1.026952e+02
1.035278e+01  1.016952e+02
1.034953e+01  1.006952e+02
1.034635e+01  9.969515e+01
1.034322e+01  9.869515e+01
1.034016e+01  9.769515e+01
1.033717e+01  9.669515e+01
1.033424e+01  9.569515e+01
1.033140e+01  9.469515e+01
1.032863e+01  9.369515e+01
1.032595e+01  9.269515e+01
1.032336e+01  9.169515e+01
1.032087e+01  9.069515e+01
1.031848e+01  8.969515e+01
1.031621e+01  8.869515e+01
1.031405e+01  8.769515e+01
1.031202e+01  8.669515e+01
1.031013e+01  8.569515e+01
1.030839e+01  8.469515e+01
1.030680e+01  8.369515e+01
1.030539e+01  8.269515e+01
1.030417e+01  8.169515e+01
1.030314e+01  8.069515e+01
1.030234e+01  7.969515e+01
1.030177e+01  7.869515e+01
1.030147e+01  7.769515e+01
1.030145e+01  7.669515e+01
1.030174e+01  7.569515e+01
1.030237e+01  7.469515e+01
1.030337e+01  7.369515e+01
1.030478e+01  7.269515e+01
1.030663e+01  7.169515e+01
1.030898e+01  7.069515e+01
1.031188e+01  6.969515e+01
1.031538e+01  6.869515e+01
1.031954e+01  6.769515e+01
1.032443e+01  6.669515e+01
1.033013e+01  6.569515e+01
1.033672e+01  6.469515e+01
1.034430e+01  6.369515e+01
1.035297e+01  6.269515e+01
1.036282e+01  6.169515e+01
1.037397e+01  6.069515e+01
1.038653e+01  5.969515e+01
1.040059e+01  5.869515e+01
1.041626e+01  5.769515e+01
1.043361e+01  5.669515e+01
1.045269e+01  5.569515e+01
1.047350e+01  5.469515e+01
1.049602e+01  5.369515e+01
1.052014e+01  5.269515e+01
1.054572e+01  5.169515e+01
1.057259e+01  5.069515e+01
1.060051e+01  4.969515e+01
1.062925e+01  4.869515e+01
1.065857e+01  4.769515e+01
1.068825e+01  4.669515e+01
1.071808e+01  4.569515e+01
1.074791e+01  4.469515e+01
1.077760e+01  4.369515e+01
1.080706e+01  4.269515e+01
1.083623e+01  4.169515e+01
1.086507e+01  4.069515e+01
1.089357e+01  3.969515e+01
1.092174e+01  3.869515e+01
1.094960e+01  3.769515e+01
1.097720e+01  3.669515e+01
1.100458e+01  3.569515e+01
1.103180e+01  3.469515e+01
1.105894e+01  3.369515e+01
1.108610e+01  3.269515e+01
1.111336e+01  3.169515e+01
1.114087e+01  3.069515e+01
1.116877e+01  2.969515e+01
1.119726e+01  2.869515e+01
1.122661e+01  2.769515e+01
1.125717e+01  2.669515e+01
1.128949e+01  2.569515e+01
1.132447e+01  2.469515e+01
1.136378e+01  2.369515e+01
1.141152e+01  2.269515e+01
1.148952e+01  2.169515e+01
1.099815e+01  1.876952e+02
1.101969e+01  1.866952e+02
1.103702e+01  1.856952e+02
1.105196e+01  1.846952e+02
1.106530e+01  1.836952e+02
1.107749e+01  1.826952e+02
1.108879e+01  1.816952e+02
1.109937e+01  1.806952e+02
1.110938e+01  1.796952e+02
1.111889e+01  1.786952e+02
1.112798e+01  1.776952e+02
1.113671e+01  1.766952e+02
1.114513e+01  1.756952e+02
1.115326e+01  1.746952e+02
1.116114e+01  1.736952e+02
1.116879e+01  1.726952e+02
1.117624e+01  1.716952e+02
1.118350e+01  1.706952e+02
1.119059e+01  1.696952e+02
1.119752e+01  1.686952e+02
1.120431e+01  1.676952e+02
1.121097e+01  1.666952e+02
1.121750e+01  1.656952e+02
1.122392e+01  1.646952e+02
1.123023e+01  1.636952e+02
1.123644e+01  1.626952e+02
1.124256e+01  1.616952e+02
1.124859e+01  1.606952e+02
1.125453e+01  1.596952e+02
1.126040e+01  1.586952e+02
1.126620e+01  1.576952e+02
1.127192e+01  1.566952e+02
1.127758e+01  1.556952e+02
1.128317e+01  1.546952e+02
1.128871e+01  1.536952e+02
1.129419e+01  1.526952e+02
1.129962e+01  1.516952e+02
1.130500e+01  1.506952e+02
1.131033e+01  1.496952e+02
1.131561e+01  1.486952e+02
1.132085e+01  1.476952e+02
1.132605e+01  1.466952e+02
1.133121e+01  1.456952e+02
1.133634e+01  1.446952e+02
1.134142e+01  1.436952e+02
1.134648e+01  1.426952e+02
1.135150e+01  1.416952e+02
1.135649e+01  1.406952e+02
1.136145e+01  1.396952e+02
1.136638e+01  1.386952e+02
1.137129e+01  1.376952e+02
1.137617e+01  1.366952e+02
1.138103e+01  1.356952e+02
1.138586e+01  1.346952e+02
1.139067e+01  1.336952e+02
1.139546e+01  1.326952e+02
1.140024e+01  1.316952e+02
1.140499e+01  1.306952e+02
1.140973e+01  1.296952e+02
1.141444e+01  1.286952e+02
1.141915e+01  1.276952e+02
1.142384e+01  1.266952e+02
1.142851e+01  1.256952e+02
1.143317e+01  1.246952e+02
1.143782e+01  1.236952e+02
1.144246e+01  1.226952e+02
1.144709e+01  1.216952e+02
1.145171e+01  1.206952e+02
1.145632e+01  1.196952e+02
1.146092e+01  1.186952e+02
1.146551e+01  1.176952e+02
1.147010e+01  1.166952e+02
1.147468e+01  1.156952e+02
1.147925e+01  1.146952e+02
1.148382e+01  1.136952e+02
1.148839e+01  1.126952e+02
1.149295e+01  1.116952e+02
1.149751e+01  1.106952e+02
1.150207e+01  1.096952e+02
1.150663e+01  1.086952e+02
1.151119e+01  1.076952e+02
1.151574e+01  1.066952e+02
1.152030e+01  1.056952e+02
1.152486e+01  1.046952e+02
1.152942e+01  1.036952e+02
1.153399e+01  1.026952e+02
1.153855e+01  1.016952e+02
1.154313e+01  1.006952e+02
1.154770e+01  9.969515e+01
1.155229e+01  9.869515e+01
1.155688e+01  9.769515e+01
1.156147e+01  9.669515e+01
1.156608e+01  9.569515e+01
1.157069e+01  9.469515e+01
1.157531e+01  9.369515e+01
1.157994e+01  9.269515e+01
1.158458e+01  9.169515e+01
1.158924e+01  9.069515e+01
1.159390e+01  8.969515e+01
1.159858e+01  8.869515e+01
1.160328e+01  8.769515e+01
1.160798e+01  8.669515e+01
1.161271e+01  8.569515e+01
1.161745e+01  8.469515e+01
1.162220e+01  8.369515e+01
1.162698e+01  8.269515e+01
1.163177e+01  8.169515e+01
1.163659e+01  8.069515e+01
1.164143e+01  7.969515e+01
1.164628e+01  7.869515e+01
1.165117e+01  7.769515e+01
1.165607e+01  7.669515e+01
1.166100e+01  7.569515e+01
1.166596e+01  7.469515e+01
1.167095e+01  7.369515e+01
1.167597e+01  7.269515e+01
1.168102e+01  7.169515e+01
1.168610e+01  7.069515e+01
1.169121e+01  6.969515e+01
1.169636e+01  6.869515e+01
1.170154e+01  6.769515e+01
1.170677e+01  6.669515e+01
1.171203e+01  6.569515e+01
1.171734e+01  6.469515e+01
1.172269e+01  6.369515e+01
1.172809e+01  6.269515e+01
1.173354e+01  6.169515e+01
1.173904e+01  6.069515e+01
1.174459e+01  5.969515e+01
1.175020e+01  5.869515e+01
1.175587e+01  5.769515e+01
1.176160e+01  5.669515e+01
1.176740e+01  5.569515e+01
1.177326e+01  5.469515e+01
1.177920e+01  5.369515e+01
1.178522e+01  5.269515e+01
1.179131e+01  5.169515e+01
1.179749e+01  5.069515e+01
1.180377e+01  4.969515e+01
1.181014e+01  4.869515e+01
1.181661e+01  4.769515e+01
1.182320e+01  4.669515e+01
1.182990e+01  4.569515e+01
1.183672e+01  4.469515e+01
1.184368e+01  4.369515e+01
1.185078e+01  4.269515e+01
1.185804e+01  4.169515e+01
1.186547e+01  4.069515e+01
1.187308e+01  3.969515e+01
1.188090e+01  3.869515e+01
1.188892e+01  3.769515e+01
1.189719e+01  3.669515e+01
1.190573e+01  3.569515e+01
1.191456e+01  3.469515e+01
1.192372e+01  3.369515e+01
1.193327e+01  3.269515e+01
1.194324e+01  3.169515e+01
1.195371e+01  3.069515e+01
1.196476e+01  2.969515e+01
1.197652e+01  2.869515e+01
1.198913e+01  2.769515e+01
1.200283e+01  2.669515e+01
1.201795e+01  2.569515e+01
1.203507e+01  2.469515e+01
1.205527e+01  2.369515e+01
1.208120e+01  2.269515e+01
1.212692e+01  2.169515e+01
1.288361e+01  7.580854e+01
1.286541e+01  7.480854e+01
1.284865e+01  7.380854e+01
1.283299e+01  7.280854e+01
1.281822e+01  7.180854e+01
1.280417e+01  7.080854e+01
1.279071e+01  6.980854e+01
1.277777e+01  6.880854e+01
1.276526e+01  6.780854e+01
1.275312e+01  6.680854e+01
1.274132e+01  6.580854e+01
1.272980e+01  6.480854e+01
1.271852e+01  6.380854e+01
1.270748e+01  6.280854e+01
1.269662e+01  6.180854e+01
1.268594e+01  6.080854e+01
1.267541e+01  5.980854e+01
1.266501e+01  5.880854e+01
1.265473e+01  5.780854e+01
1.264455e+01  5.680854e+01
1.263445e+01  5.580854e+01
1.262443e+01  5.480854e+01
1.261447e+01  5.380854e+01
1.260455e+01  5.280854e+01
1.259468e+01  5.180854e+01
1.258483e+01  5.080854e+01
1.257499e+01  4.980854e+01
1.256515e+01  4.880854e+01
1.255531e+01  4.780854e+01
1.254545e+01  4.680854e+01
1.253555e+01  4.580854e+01
1.252561e+01  4.480854e+01
1.251562e+01  4.380854e+01
1.250555e+01  4.280854e+01
1.249540e+01  4.180854e+01
1.248515e+01  4.080854e+01
1.247478e+01  3.980854e+01
1.246428e+01  3.880854e+01
1.245362e+01  3.780854e+01
1.244278e+01  3.680854e+01
1.243173e+01  3.580854e+01
1.242043e+01  3.480854e+01
1.240887e+01  3.380854e+01
1.239698e+01  3.280854e+01
1.238471e+01  3.180854e+01
1.237199e+01  3.080854e+01
1.235875e+01  2.980854e+01
1.234486e+01  2.880854e+01
1.233018e+01  2.780854e+01
1.231448e+01  2.680854e+01
1.229743e+01  2.580854e+01
1.227852e+01  2.480854e+01
1.225672e+01  2.380854e+01
1.222971e+01  2.280854e+01
1.218712e+01  2.180854e+01
1.323375e+01  7.580854e+01
1.325273e+01  7.480854e+01
1.327028e+01  7.380854e+01
1.328673e+01  7.280854e+01
1.330232e+01  7.180854e+01
1.331721e+01  7.080854e+01
1.333150e+01  6.980854e+01
1.334530e+01  6.880854e+01
1.335868e+01  6.780854e+01
1.337170e+01  6.680854e+01
1.338441e+01  6.580854e+01
1.339685e+01  6.480854e+01
1.340905e+01  6.380854e+01
1.342106e+01  6.280854e+01
1.343288e+01  6.180854e+01
1.344455e+01  6.080854e+01
1.345609e+01  5.980854e+01
1.346752e+01  5.880854e+01
1.347885e+01  5.780854e+01
1.349011e+01  5.680854e+01
1.350130e+01  5.580854e+01
1.351245e+01  5.480854e+01
1.352356e+01  5.380854e+01
1.353465e+01  5.280854e+01
1.354573e+01  5.180854e+01
1.355681e+01  5.080854e+01
1.356792e+01  4.980854e+01
1.357906e+01  4.880854e+01
1.359024e+01  4.780854e+01
1.360148e+01  4.680854e+01
1.361280e+01  4.580854e+01
1.362420e+01  4.480854e+01
1.363571e+01  4.380854e+01
1.364734e+01  4.280854e+01
1.365910e+01  4.180854e+01
1.367103e+01  4.080854e+01
1.368314e+01  3.980854e+01
1.369545e+01  3.880854e+01
1.370800e+01  3.780854e+01
1.372081e+01  3.680854e+01
1.373393e+01  3.580854e+01
1.374739e+01  3.480854e+01
1.376125e+01  3.380854e+01
1.377557e+01  3.280854e+01
1.379041e+01  3.180854e+01
1.380588e+01  3.080854e+01
1.382209e+01  2.980854e+01
1.383920e+01  2.880854e+01
1.385741e+01  2.780854e+01
1.387702e+01  2.680854e+01
1.389849e+01  2.580854e+01
1.392256e+01  2.480854e+01
1.395060e+01  2.380854e+01
1.398587e+01  2.280854e+01
1.404274e+01  2.180854e+01
1.497943e+01  5.795258e+01
1.493000e+01  5.695258e+01
1.489275e+01  5.595258e+01
1.486139e+01  5.495258e+01
1.483363e+01  5.395258e+01
1.480834e+01  5.295258e+01
1.478487e+01  5.195258e+01
1.476277e+01  5.095258e+01
1.474177e+01  4.995258e+01
1.472165e+01  4.895258e+01
1.470223e+01  4.795258e+01
1.468340e+01  4.695258e+01
1.466505e+01  4.595258e+01
1.464709e+01  4.495258e+01
1.462944e+01  4.395258e+01
1.461205e+01  4.295258e+01
1.459485e+01  4.195258e+01
1.457779e+01  4.095258e+01
1.456081e+01  3.995258e+01
1.454388e+01  3.895258e+01
1.452693e+01  3.795258e+01
1.450992e+01  3.695258e+01
1.449280e+01  3.595258e+01
1.447551e+01  3.495258e+01
1.445799e+01  3.395258e+01
1.444016e+01  3.295258e+01
1.442195e+01  3.195258e+01
1.440326e+01  3.095258e+01
1.438397e+01  2.995258e+01
1.436391e+01  2.895258e+01
1.434288e+01  2.795258e+01
1.432060e+01  2.695258e+01
1.429662e+01  2.595258e+01
1.427028e+01  2.495258e+01
1.424030e+01  2.395258e+01
1.420388e+01  2.295258e+01
1.415045e+01  2.195258e+01
1.518981e+01  5.795258e+01
1.524197e+01  5.695258e+01
1.528201e+01  5.595258e+01
1.531624e+01  5.495258e+01
1.534695e+01  5.395258e+01
1.537526e+01  5.295258e+01
1.540186e+01  5.195258e+01
1.542716e+01  5.095258e+01
1.545148e+01  4.995258e+01
1.547502e+01  4.895258e+01
1.549797e+01  4.795258e+01
1.552045e+01  4.695258e+01
1.554259e+01  4.595258e+01
1.556448e+01  4.495258e+01
1.558620e+01  4.395258e+01
1.560783e+01  4.295258e+01
1.562945e+01  4.195258e+01
1.565113e+01  4.095258e+01
1.567293e+01  3.995258e+01
1.569493e+01  3.895258e+01
1.571719e+01  3.795258e+01
1.573981e+01  3.695258e+01
1.576286e+01  3.595258e+01
1.578644e+01  3.495258e+01
1.581067e+01  3.395258e+01
1.583567e+01  3.295258e+01
1.586161e+01  3.195258e+01
1.588868e+01  3.095258e+01
1.591712e+01  2.995258e+01
1.594727e+01  2.895258e+01
1.597955e+01  2.795258e+01
1.601461e+01  2.695258e+01
1.605337e+01  2.595258e+01
1.609740e+01  2.495258e+01
1.614955e+01  2.395258e+01
1.621645e+01  2.295258e+01
1.632370e+01  2.195258e+01
