1.086915e+01  1.976952e+02
1.083898e+01  1.966952e+02
1.081796e+01  1.956952e+02
1.080075e+01  1.946952e+02
1.078580e+01  1.936952e+02
1.077236e+01  1.926952e+02
1.076005e+01  1.916952e+02
1.074859e+01  1.906952e+02
1.073783e+01  1.896952e+02
1.072765e+01  1.886952e+02
1.071794e+01  1.876952e+02
1.070865e+01  1.866952e+02
1.069972e+01  1.856952e+02
1.069110e+01  1.846952e+02
1.068275e+01  1.836952e+02
1.067466e+01  1.826952e+02
1.066679e+01  1.816952e+02
1.065912e+01  1.806952e+02
1.065164e+01  1.796952e+02
1.064433e+01  1.786952e+02
1.063717e+01  1.776952e+02
1.063015e+01  1.766952e+02
1.062326e+01  1.756952e+02
1.061650e+01  1.746952e+02
1.060985e+01  1.736952e+02
1.060331e+01  1.726952e+02
1.059686e+01  1.716952e+02
1.059051e+01  1.706952e+02
1.058425e+01  1.696952e+02
1.057806e+01  1.686952e+02
1.057196e+01  1.676952e+02
1.056592e+01  1.666952e+02
1.055996e+01  1.656952e+02
1.055406e+01  1.646952e+02
1.054822e+01  1.636952e+02
1.054243e+01  1.626952e+02
1.053670e+01  1.616952e+02
1.053103e+01  1.606952e+02
1.052540e+01  1.596952e+02
1.051982e+01  1.586952e+02
1.051428e+01  1.576952e+02
1.050879e+01  1.566952e+02
1.050333e+01  1.556952e+02
1.049791e+01  1.546952e+02
1.049253e+01  1.536952e+02
1.048718e+01  1.526952e+02
1.048187e+01  1.516952e+02
1.047658e+01  1.506952e+02
1.047133e+01  1.496952e+02
1.046610e+01  1.486952e+02
1.046090e+01  1.476952e+02
1.045572e+01  1.466952e+02
1.045057e+01  1.456952e+02
1.044544e+01  1.446952e+02
1.044033e+01  1.436952e+02
1.043524e+01  1.426952e+02
1.043017e+01  1.416952e+02
1.042512e+01  1.406952e+02
1.042008e+01  1.396952e+02
1.041507e+01  1.386952e+02
1.041006e+01  1.376952e+02
1.040507e+01  1.366952e+02
1.040009e+01  1.356952e+02
1.039512e+01  1.346952e+02
1.039017e+01  1.336952e+02
1.038522e+01  1.326952e+02
1.038029e+01  1.316952e+02
1.037536e+01  1.306952e+02
1.037044e+01  1.296952e+02
1.036553e+01  1.286952e+02
1.036062e+01  1.276952e+02
1.035572e+01  1.266952e+02
1.035082e+01  1.256952e+02
1.034593e+01  1.246952e+02
1.034104e+01  1.236952e+02
1.033615e+01  1.226952e+02
1.033127e+01  1.216952e+02
1.032638e+01  1.206952e+02
1.032150e+01  1.196952e+02
1.031661e+01  1.186952e+02
1.031173e+01  1.176952e+02
1.030684e+01  1.166952e+02
1.030195e+01  1.156952e+02
1.029705e+01  1.146952e+02
1.029215e+01  1.136952e+02
1.028725e+01  1.126952e+02
1.028234e+01  1.116952e+02
1.027743e+01  1.106952e+02
1.027250e+01  1.096952e+02
1.026757e+01  1.086952e+02
1.026263e+01  1.076952e+02
1.025769e+01  1.066952e+02
1.025273e+01  1.056952e+02
1.024776e+01  1.046952e+02
1.024278e+01  1.036952e+02
1.023779e+01  1.026952e+02
1.023279e+01  1.016952e+02
1.022777e+01  1.006952e+02
1.022273e+01  9.969515e+01
1.021769e+01  9.869515e+01
1.021262e+01  9.769515e+01
1.020754e+01  9.669515e+01
1.020244e+01  9.569515e+01
1.019732e+01  9.469515e+01
1.019218e+01  9.369515e+01
1.018703e+01  9.269515e+01
1.018185e+01  9.169515e+01
1.017664e+01  9.069515e+01
1.017142e+01  8.969515e+01
1.016616e+01  8.869515e+01
1.016089e+01  8.769515e+01
1.015558e+01  8.669515e+01
1.015025e+01  8.569515e+01
1.014489e+01  8.469515e+01
1.013950e+01  8.369515e+01
1.013408e+01  8.269515e+01
1.012862e+01  8.169515e+01
1.012313e+01  8.069515e+01
1.011761e+01  7.969515e+01
1.011204e+01  7.869515e+01
1.010644e+01  7.769515e+01
1.010080e+01  7.669515e+01
1.009512e+01  7.569515e+01
1.008939e+01  7.469515e+01
1.008362e+01  7.369515e+01
1.007780e+01  7.269515e+01
1.007193e+01  7.169515e+01
1.006601e+01  7.069515e+01
1.006004e+01  6.969515e+01
1.005401e+01  6.869515e+01
1.004792e+01  6.769515e+01
1.004177e+01  6.669515e+01
1.003556e+01  6.569515e+01
1.002928e+01  6.469515e+01
1.002294e+01  6.369515e+01
1.001652e+01  6.269515e+01
1.001002e+01  6.169515e+01
1.000345e+01  6.069515e+01
9.996792e+00  5.969515e+01
9.990048e+00  5.869515e+01
9.983213e+00  5.769515e+01
9.976281e+00  5.669515e+01
9.969249e+00  5.569515e+01
9.962109e+00  5.469515e+01
9.954858e+00  5.369515e+01
9.947487e+00  5.269515e+01
9.939992e+00  5.169515e+01
9.932363e+00  5.069515e+01
9.924594e+00  4.969515e+01
9.916674e+00  4.869515e+01
9.908595e+00  4.769515e+01
9.900347e+00  4.669515e+01
9.891916e+00  4.569515e+01
9.883290e+00  4.469515e+01
9.874455e+00  4.369515e+01
9.865394e+00  4.269515e+01
9.856089e+00  4.169515e+01
9.846520e+00  4.069515e+01
9.836662e+00  3.969515e+01
9.826489e+00  3.869515e+01
9.815970e+00  3.769515e+01
9.805068e+00  3.669515e+01
9.793742e+00  3.569515e+01
9.781940e+00  3.469515e+01
9.769602e+00  3.369515e+01
9.756654e+00  3.269515e+01
9.743005e+00  3.169515e+01
9.728538e+00  3.069515e+01
9.713105e+00  2.969515e+01
9.696508e+00  2.869515e+01
9.678473e+00  2.769515e+01
9.658608e+00  2.669515e+01
9.636308e+00  2.569515e+01
9.610566e+00  2.469515e+01
9.579445e+00  2.369515e+01
9.538160e+00  2.269515e+01
9.460885e+00  2.169515e+01
1.095386e+01  1.976952e+02
1.098378e+01  1.966952e+02
1.100455e+01  1.956952e+02
1.102151e+01  1.946952e+02
1.103621e+01  1.936952e+02
1.104939e+01  1.926952e+02
1.106146e+01  1.916952e+02
1.107265e+01  1.906952e+02
1.108315e+01  1.896952e+02
1.109308e+01  1.886952e+02
1.110252e+01  1.876952e+02
1.111155e+01  1.866952e+02
1.112022e+01  1.856952e+02
1.112858e+01  1.846952e+02
1.113665e+01  1.836952e+02
1.114448e+01  1.826952e+02
1.115207e+01  1.816952e+02
1.115947e+01  1.806952e+02
1.116668e+01  1.796952e+02
1.117371e+01  1.786952e+02
1.118059e+01  1.776952e+02
1.118733e+01  1.766952e+02
1.119393e+01  1.756952e+02
1.120041e+01  1.746952e+02
1.120677e+01  1.736952e+02
1.121303e+01  1.726952e+02
1.121918e+01  1.716952e+02
1.122524e+01  1.706952e+02
1.123121e+01  1.696952e+02
1.123709e+01  1.686952e+02
1.124290e+01  1.676952e+02
1.124863e+01  1.666952e+02
1.125429e+01  1.656952e+02
1.125989e+01  1.646952e+02
1.126542e+01  1.636952e+02
1.127089e+01  1.626952e+02
1.127631e+01  1.616952e+02
1.128167e+01  1.606952e+02
1.128698e+01  1.596952e+02
1.129224e+01  1.586952e+02
1.129745e+01  1.576952e+02
1.130262e+01  1.566952e+02
1.130774e+01  1.556952e+02
1.131283e+01  1.546952e+02
1.131788e+01  1.536952e+02
1.132289e+01  1.526952e+02
1.132786e+01  1.516952e+02
1.133281e+01  1.506952e+02
1.133772e+01  1.496952e+02
1.134260e+01  1.486952e+02
1.134745e+01  1.476952e+02
1.135227e+01  1.466952e+02
1.135706e+01  1.456952e+02
1.136183e+01  1.446952e+02
1.136658e+01  1.436952e+02
1.137130e+01  1.426952e+02
1.137600e+01  1.416952e+02
1.138068e+01  1.406952e+02
1.138534e+01  1.396952e+02
1.138998e+01  1.386952e+02
1.139460e+01  1.376952e+02
1.139921e+01  1.366952e+02
1.140379e+01  1.356952e+02
1.140837e+01  1.346952e+02
1.141292e+01  1.336952e+02
1.141747e+01  1.326952e+02
1.142200e+01  1.316952e+02
1.142652e+01  1.306952e+02
1.143102e+01  1.296952e+02
1.143552e+01  1.286952e+02
1.144000e+01  1.276952e+02
1.144448e+01  1.266952e+02
1.144894e+01  1.256952e+02
1.145340e+01  1.246952e+02
1.145785e+01  1.236952e+02
1.146230e+01  1.226952e+02
1.146674e+01  1.216952e+02
1.147117e+01  1.206952e+02
1.147560e+01  1.196952e+02
1.148002e+01  1.186952e+02
1.148444e+01  1.176952e+02
1.148885e+01  1.166952e+02
1.149327e+01  1.156952e+02
1.149768e+01  1.146952e+02
1.150209e+01  1.136952e+02
1.150650e+01  1.126952e+02
1.151091e+01  1.116952e+02
1.151532e+01  1.106952e+02
1.151973e+01  1.096952e+02
1.152414e+01  1.086952e+02
1.152856e+01  1.076952e+02
1.153297e+01  1.066952e+02
1.153739e+01  1.056952e+02
1.154182e+01  1.046952e+02
1.154625e+01  1.036952e+02
1.155068e+01  1.026952e+02
1.155513e+01  1.016952e+02
1.155957e+01  1.006952e+02
1.156403e+01  9.969515e+01
1.156849e+01  9.869515e+01
1.157296e+01  9.769515e+01
1.157744e+01  9.669515e+01
1.158193e+01  9.569515e+01
1.158643e+01  9.469515e+01
1.159094e+01  9.369515e+01
1.159546e+01  9.269515e+01
1.159999e+01  9.169515e+01
1.160454e+01  9.069515e+01
1.160910e+01  8.969515e+01
1.161368e+01  8.869515e+01
1.161827e+01  8.769515e+01
1.162288e+01  8.669515e+01
1.162750e+01  8.569515e+01
1.163215e+01  8.469515e+01
1.163681e+01  8.369515e+01
1.164149e+01  8.269515e+01
1.164619e+01  8.169515e+01
1.165092e+01  8.069515e+01
1.165566e+01  7.969515e+01
1.166043e+01  7.869515e+01
1.166523e+01  7.769515e+01
1.167005e+01  7.669515e+01
1.167490e+01  7.569515e+01
1.167977e+01  7.469515e+01
1.168468e+01  7.369515e+01
1.168961e+01  7.269515e+01
1.169458e+01  7.169515e+01
1.169958e+01  7.069515e+01
1.170462e+01  6.969515e+01
1.170969e+01  6.869515e+01
1.171480e+01  6.769515e+01
1.171995e+01  6.669515e+01
1.172514e+01  6.569515e+01
1.173038e+01  6.469515e+01
1.173566e+01  6.369515e+01
1.174099e+01  6.269515e+01
1.174636e+01  6.169515e+01
1.175179e+01  6.069515e+01
1.175728e+01  5.969515e+01
1.176282e+01  5.869515e+01
1.176842e+01  5.769515e+01
1.177409e+01  5.669515e+01
1.177982e+01  5.569515e+01
1.178562e+01  5.469515e+01
1.179150e+01  5.369515e+01
1.179745e+01  5.269515e+01
1.180348e+01  5.169515e+01
1.180961e+01  5.069515e+01
1.181582e+01  4.969515e+01
1.182213e+01  4.869515e+01
1.182855e+01  4.769515e+01
1.183507e+01  4.669515e+01
1.184172e+01  4.569515e+01
1.184849e+01  4.469515e+01
1.185539e+01  4.369515e+01
1.186244e+01  4.269515e+01
1.186965e+01  4.169515e+01
1.187703e+01  4.069515e+01
1.188458e+01  3.969515e+01
1.189234e+01  3.869515e+01
1.190032e+01  3.769515e+01
1.190854e+01  3.669515e+01
1.191703e+01  3.569515e+01
1.192582e+01  3.469515e+01
1.193493e+01  3.369515e+01
1.194443e+01  3.269515e+01
1.195436e+01  3.169515e+01
1.196478e+01  3.069515e+01
1.197580e+01  2.969515e+01
1.198751e+01  2.869515e+01
1.200009e+01  2.769515e+01
1.201375e+01  2.669515e+01
1.202885e+01  2.569515e+01
1.204594e+01  2.469515e+01
1.206611e+01  2.369515e+01
1.209203e+01  2.269515e+01
1.213778e+01  2.169515e+01
1.300597e+01  7.780853e+01
1.296136e+01  7.680853e+01
1.293157e+01  7.580853e+01
1.290744e+01  7.480853e+01
1.288652e+01  7.380853e+01
1.286774e+01  7.280853e+01
1.285050e+01  7.180853e+01
1.283444e+01  7.080853e+01
1.281931e+01  6.980853e+01
1.280493e+01  6.880853e+01
1.279119e+01  6.780853e+01
1.277797e+01  6.680853e+01
1.276520e+01  6.580853e+01
1.275281e+01  6.480853e+01
1.274077e+01  6.380853e+01
1.272902e+01  6.280853e+01
1.271752e+01  6.180853e+01
1.270625e+01  6.080853e+01
1.269517e+01  5.980853e+01
1.268427e+01  5.880853e+01
1.267352e+01  5.780853e+01
1.266291e+01  5.680853e+01
1.265240e+01  5.580853e+01
1.264200e+01  5.480853e+01
1.263168e+01  5.380853e+01
1.262142e+01  5.280853e+01
1.261122e+01  5.180853e+01
1.260107e+01  5.080853e+01
1.259094e+01  4.980853e+01
1.258083e+01  4.880853e+01
1.257073e+01  4.780853e+01
1.256061e+01  4.680853e+01
1.255048e+01  4.580853e+01
1.254031e+01  4.480853e+01
1.253010e+01  4.380853e+01
1.251982e+01  4.280853e+01
1.250947e+01  4.180853e+01
1.249902e+01  4.080853e+01
1.248847e+01  3.980853e+01
1.247778e+01  3.880853e+01
1.246695e+01  3.780853e+01
1.245594e+01  3.680853e+01
1.244472e+01  3.580853e+01
1.243327e+01  3.480853e+01
1.242155e+01  3.380853e+01
1.240951e+01  3.280853e+01
1.239710e+01  3.180853e+01
1.238424e+01  3.080853e+01
1.237086e+01  2.980853e+01
1.235683e+01  2.880853e+01
1.234201e+01  2.780853e+01
1.232618e+01  2.680853e+01
1.230901e+01  2.580853e+01
1.228996e+01  2.480853e+01
1.226803e+01  2.380853e+01
1.224088e+01  2.280853e+01
1.219812e+01  2.180853e+01
1.272007e+01  8.580853e+01
1.271129e+01  8.480853e+01
1.270264e+01  8.380853e+01
1.269411e+01  8.280853e+01
1.268569e+01  8.180853e+01
1.267737e+01  8.080853e+01
1.266914e+01  7.980853e+01
1.266100e+01  7.880853e+01
1.265294e+01  7.780853e+01
1.264495e+01  7.680853e+01
1.263702e+01  7.580853e+01
1.262915e+01  7.480853e+01
1.262134e+01  7.380853e+01
1.261357e+01  7.280853e+01
1.260584e+01  7.180853e+01
1.259815e+01  7.080853e+01
1.259049e+01  6.980853e+01
1.258286e+01  6.880853e+01
1.257525e+01  6.780853e+01
1.256767e+01  6.680853e+01
1.256009e+01  6.580853e+01
1.255253e+01  6.480853e+01
1.254497e+01  6.380853e+01
1.253742e+01  6.280853e+01
1.252986e+01  6.180853e+01
1.252230e+01  6.080853e+01
1.251473e+01  5.980853e+01
1.250714e+01  5.880853e+01
1.249953e+01  5.780853e+01
1.249190e+01  5.680853e+01
1.248424e+01  5.580853e+01
1.247655e+01  5.480853e+01
1.246882e+01  5.380853e+01
1.246105e+01  5.280853e+01
1.245323e+01  5.180853e+01
1.244536e+01  5.080853e+01
1.243742e+01  4.980853e+01
1.242942e+01  4.880853e+01
1.242135e+01  4.780853e+01
1.241319e+01  4.680853e+01
1.240495e+01  4.580853e+01
1.239660e+01  4.480853e+01
1.238815e+01  4.380853e+01
1.237958e+01  4.280853e+01
1.237088e+01  4.180853e+01
1.236204e+01  4.080853e+01
1.235304e+01  3.980853e+01
1.234386e+01  3.880853e+01
1.233449e+01  3.780853e+01
1.232490e+01  3.680853e+01
1.231507e+01  3.580853e+01
1.230497e+01  3.480853e+01
1.229456e+01  3.380853e+01
1.228379e+01  3.280853e+01
1.227263e+01  3.180853e+01
1.226099e+01  3.080853e+01
1.224880e+01  2.980853e+01
1.223594e+01  2.880853e+01
1.222226e+01  2.780853e+01
1.220755e+01  2.680853e+01
1.219148e+01  2.580853e+01
1.217352e+01  2.480853e+01
1.215268e+01  2.380853e+01
1.212662e+01  2.280853e+01
1.208506e+01  2.180853e+01
1.503450e+01  5.995258e+01
1.496020e+01  5.895258e+01
1.491644e+01  5.795258e+01
1.488182e+01  5.695258e+01
1.485210e+01  5.595258e+01
1.482551e+01  5.495258e+01
1.480114e+01  5.395258e+01
1.477841e+01  5.295258e+01
1.475696e+01  5.195258e+01
1.473652e+01  5.095258e+01
1.471690e+01  4.995258e+01
1.469796e+01  4.895258e+01
1.467956e+01  4.795258e+01
1.466163e+01  4.695258e+01
1.464407e+01  4.595258e+01
1.462682e+01  4.495258e+01
1.460981e+01  4.395258e+01
1.459300e+01  4.295258e+01
1.457633e+01  4.195258e+01
1.455975e+01  4.095258e+01
1.454322e+01  3.995258e+01
1.452670e+01  3.895258e+01
1.451014e+01  3.795258e+01
1.449349e+01  3.695258e+01
1.447671e+01  3.595258e+01
1.445974e+01  3.495258e+01
1.444251e+01  3.395258e+01
1.442497e+01  3.295258e+01
1.440702e+01  3.195258e+01
1.438858e+01  3.095258e+01
1.436953e+01  2.995258e+01
1.434970e+01  2.895258e+01
1.432889e+01  2.795258e+01
1.430681e+01  2.695258e+01
1.428305e+01  2.595258e+01
1.425689e+01  2.495258e+01
1.422711e+01  2.395258e+01
1.419088e+01  2.295258e+01
1.413765e+01  2.195258e+01
1.512885e+01  5.995258e+01
1.520576e+01  5.895258e+01
1.525219e+01  5.795258e+01
1.528955e+01  5.695258e+01
1.532209e+01  5.595258e+01
1.535157e+01  5.495258e+01
1.537891e+01  5.395258e+01
1.540469e+01  5.295258e+01
1.542929e+01  5.195258e+01
1.545297e+01  5.095258e+01
1.547593e+01  4.995258e+01
1.549833e+01  4.895258e+01
1.552028e+01  4.795258e+01
1.554191e+01  4.695258e+01
1.556329e+01  4.595258e+01
1.558450e+01  4.495258e+01
1.560563e+01  4.395258e+01
1.562672e+01  4.295258e+01
1.564786e+01  4.195258e+01
1.566910e+01  4.095258e+01
1.569051e+01  3.995258e+01
1.571214e+01  3.895258e+01
1.573409e+01  3.795258e+01
1.575641e+01  3.695258e+01
1.577919e+01  3.595258e+01
1.580254e+01  3.495258e+01
1.582655e+01  3.395258e+01
1.585137e+01  3.295258e+01
1.587715e+01  3.195258e+01
1.590408e+01  3.095258e+01
1.593242e+01  2.995258e+01
1.596250e+01  2.895258e+01
1.599475e+01  2.795258e+01
1.602981e+01  2.695258e+01
1.606864e+01  2.595258e+01
1.611282e+01  2.495258e+01
1.616526e+01  2.395258e+01
1.623269e+01  2.295258e+01
1.634127e+01  2.195258e+01
1.083292e+01  1.956952e+02
1.081396e+01  1.946952e+02
1.079795e+01  1.936952e+02
1.078380e+01  1.926952e+02
1.077097e+01  1.916952e+02
1.075913e+01  1.906952e+02
1.074807e+01  1.896952e+02
1.073764e+01  1.886952e+02
1.072775e+01  1.876952e+02
1.071830e+01  1.866952e+02
1.070924e+01  1.856952e+02
1.070051e+01  1.846952e+02
1.069209e+01  1.836952e+02
1.068393e+01  1.826952e+02
1.067600e+01  1.816952e+02
1.066829e+01  1.806952e+02
1.066078e+01  1.796952e+02
1.065344e+01  1.786952e+02
1.064626e+01  1.776952e+02
1.063924e+01  1.766952e+02
1.063235e+01  1.756952e+02
1.062559e+01  1.746952e+02
1.061895e+01  1.736952e+02
1.061242e+01  1.726952e+02
1.060599e+01  1.716952e+02
1.059966e+01  1.706952e+02
1.059342e+01  1.696952e+02
1.058727e+01  1.686952e+02
1.058120e+01  1.676952e+02
1.057520e+01  1.666952e+02
1.056928e+01  1.656952e+02
1.056342e+01  1.646952e+02
1.055762e+01  1.636952e+02
1.055189e+01  1.626952e+02
1.054621e+01  1.616952e+02
1.054059e+01  1.606952e+02
1.053502e+01  1.596952e+02
1.052950e+01  1.586952e+02
1.052402e+01  1.576952e+02
1.051859e+01  1.566952e+02
1.051321e+01  1.556952e+02
1.050786e+01  1.546952e+02
1.050255e+01  1.536952e+02
1.049728e+01  1.526952e+02
1.049204e+01  1.516952e+02
1.048683e+01  1.506952e+02
1.048166e+01  1.496952e+02
1.047652e+01  1.486952e+02
1.047141e+01  1.476952e+02
1.046632e+01  1.466952e+02
1.046126e+01  1.456952e+02
1.045623e+01  1.446952e+02
1.045121e+01  1.436952e+02
1.044623e+01  1.426952e+02
1.044126e+01  1.416952e+02
1.043631e+01  1.406952e+02
1.043139e+01  1.396952e+02
1.042648e+01  1.386952e+02
1.042159e+01  1.376952e+02
1.041672e+01  1.366952e+02
1.041186e+01  1.356952e+02
1.040702e+01  1.346952e+02
1.040219e+01  1.336952e+02
1.039738e+01  1.326952e+02
1.039258e+01  1.316952e+02
1.038779e+01  1.306952e+02
1.038301e+01  1.296952e+02
1.037824e+01  1.286952e+02
1.037348e+01  1.276952e+02
1.036873e+01  1.266952e+02
1.036399e+01  1.256952e+02
1.035926e+01  1.246952e+02
1.035454e+01  1.236952e+02
1.034982e+01  1.226952e+02
1.034511e+01  1.216952e+02
1.034040e+01  1.206952e+02
1.033570e+01  1.196952e+02
1.033101e+01  1.186952e+02
1.032631e+01  1.176952e+02
1.032162e+01  1.166952e+02
1.031694e+01  1.156952e+02
1.031225e+01  1.146952e+02
1.030757e+01  1.136952e+02
1.030289e+01  1.126952e+02
1.029821e+01  1.116952e+02
1.029353e+01  1.106952e+02
1.028885e+01  1.096952e+02
1.028417e+01  1.086952e+02
1.027949e+01  1.076952e+02
1.027481e+01  1.066952e+02
1.027013e+01  1.056952e+02
1.026544e+01  1.046952e+02
1.026076e+01  1.036952e+02
1.025607e+01  1.026952e+02
1.025137e+01  1.016952e+02
1.024667e+01  1.006952e+02
1.024197e+01  9.969515e+01
1.023727e+01  9.869515e+01
1.023256e+01  9.769515e+01
1.022784e+01  9.669515e+01
1.022312e+01  9.569515e+01
1.021840e+01  9.469515e+01
1.021367e+01  9.369515e+01
1.020893e+01  9.269515e+01
1.020419e+01  9.169515e+01
1.019944e+01  9.069515e+01
1.019468e+01  8.969515e+01
1.018992e+01  8.869515e+01
1.018516e+01  8.769515e+01
1.018038e+01  8.669515e+01
1.017560e+01  8.569515e+01
1.017082e+01  8.469515e+01
1.016602e+01  8.369515e+01
1.016123e+01  8.269515e+01
1.015642e+01  8.169515e+01
1.015162e+01  8.069515e+01
1.014681e+01  7.969515e+01
1.014199e+01  7.869515e+01
1.013717e+01  7.769515e+01
1.013235e+01  7.669515e+01
1.012753e+01  7.569515e+01
1.012271e+01  7.469515e+01
1.011789e+01  7.369515e+01
1.011308e+01  7.269515e+01
1.010827e+01  7.169515e+01
1.010347e+01  7.069515e+01
1.009868e+01  6.969515e+01
1.009390e+01  6.869515e+01
1.008915e+01  6.769515e+01
1.008441e+01  6.669515e+01
1.007971e+01  6.569515e+01
1.007503e+01  6.469515e+01
1.007040e+01  6.369515e+01
1.006581e+01  6.269515e+01
1.006128e+01  6.169515e+01
1.005682e+01  6.069515e+01
1.005244e+01  5.969515e+01
1.004816e+01  5.869515e+01
1.004398e+01  5.769515e+01
1.003995e+01  5.669515e+01
1.003607e+01  5.569515e+01
1.003238e+01  5.469515e+01
1.002892e+01  5.369515e+01
1.002573e+01  5.269515e+01
1.002287e+01  5.169515e+01
1.002039e+01  5.069515e+01
1.001839e+01  4.969515e+01
1.001696e+01  4.869515e+01
1.001624e+01  4.769515e+01
1.001640e+01  4.669515e+01
1.001764e+01  4.569515e+01
1.002027e+01  4.469515e+01
1.002467e+01  4.369515e+01
1.003135e+01  4.269515e+01
1.004105e+01  4.169515e+01
1.005479e+01  4.069515e+01
1.007405e+01  3.969515e+01
1.010097e+01  3.869515e+01
1.013863e+01  3.769515e+01
1.019111e+01  3.669515e+01
1.026266e+01  3.569515e+01
1.035429e+01  3.469515e+01
1.045924e+01  3.369515e+01
1.056534e+01  3.269515e+01
1.066371e+01  3.169515e+01
1.075175e+01  3.069515e+01
1.083035e+01  2.969515e+01
1.090142e+01  2.869515e+01
1.096691e+01  2.769515e+01
1.102862e+01  2.669515e+01
1.108825e+01  2.569515e+01
1.114768e+01  2.469515e+01
1.120958e+01  2.369515e+01
1.127942e+01  2.269515e+01
1.138447e+01  2.169515e+01
1.099657e+01  1.956952e+02
1.101533e+01  1.946952e+02
1.103115e+01  1.936952e+02
1.104509e+01  1.926952e+02
1.105772e+01  1.916952e+02
1.106935e+01  1.906952e+02
1.108021e+01  1.896952e+02
1.109043e+01  1.886952e+02
1.110012e+01  1.876952e+02
1.110936e+01  1.866952e+02
1.111821e+01  1.856952e+02
1.112672e+01  1.846952e+02
1.113494e+01  1.836952e+02
1.114289e+01  1.826952e+02
1.115060e+01  1.816952e+02
1.115810e+01  1.806952e+02
1.116540e+01  1.796952e+02
1.117252e+01  1.786952e+02
1.117948e+01  1.776952e+02
1.118629e+01  1.766952e+02
1.119296e+01  1.756952e+02
1.119950e+01  1.746952e+02
1.120592e+01  1.736952e+02
1.121222e+01  1.726952e+02
1.121843e+01  1.716952e+02
1.122453e+01  1.706952e+02
1.123055e+01  1.696952e+02
1.123648e+01  1.686952e+02
1.124232e+01  1.676952e+02
1.124809e+01  1.666952e+02
1.125379e+01  1.656952e+02
1.125942e+01  1.646952e+02
1.126498e+01  1.636952e+02
1.127048e+01  1.626952e+02
1.127593e+01  1.616952e+02
1.128132e+01  1.606952e+02
1.128665e+01  1.596952e+02
1.129194e+01  1.586952e+02
1.129717e+01  1.576952e+02
1.130237e+01  1.566952e+02
1.130752e+01  1.556952e+02
1.131262e+01  1.546952e+02
1.131769e+01  1.536952e+02
1.132272e+01  1.526952e+02
1.132772e+01  1.516952e+02
1.133268e+01  1.506952e+02
1.133760e+01  1.496952e+02
1.134250e+01  1.486952e+02
1.134737e+01  1.476952e+02
1.135220e+01  1.466952e+02
1.135701e+01  1.456952e+02
1.136180e+01  1.446952e+02
1.136656e+01  1.436952e+02
1.137130e+01  1.426952e+02
1.137601e+01  1.416952e+02
1.138070e+01  1.406952e+02
1.138537e+01  1.396952e+02
1.139003e+01  1.386952e+02
1.139466e+01  1.376952e+02
1.139927e+01  1.366952e+02
1.140387e+01  1.356952e+02
1.140846e+01  1.346952e+02
1.141302e+01  1.336952e+02
1.141758e+01  1.326952e+02
1.142212e+01  1.316952e+02
1.142665e+01  1.306952e+02
1.143116e+01  1.296952e+02
1.143567e+01  1.286952e+02
1.144016e+01  1.276952e+02
1.144465e+01  1.266952e+02
1.144912e+01  1.256952e+02
1.145359e+01  1.246952e+02
1.145805e+01  1.236952e+02
1.146250e+01  1.226952e+02
1.146694e+01  1.216952e+02
1.147138e+01  1.206952e+02
1.147582e+01  1.196952e+02
1.148025e+01  1.186952e+02
1.148467e+01  1.176952e+02
1.148910e+01  1.166952e+02
1.149352e+01  1.156952e+02
1.149794e+01  1.146952e+02
1.150235e+01  1.136952e+02
1.150677e+01  1.126952e+02
1.151118e+01  1.116952e+02
1.151560e+01  1.106952e+02
1.152002e+01  1.096952e+02
1.152444e+01  1.086952e+02
1.152886e+01  1.076952e+02
1.153328e+01  1.066952e+02
1.153771e+01  1.056952e+02
1.154214e+01  1.046952e+02
1.154657e+01  1.036952e+02
1.155101e+01  1.026952e+02
1.155546e+01  1.016952e+02
1.155991e+01  1.006952e+02
1.156437e+01  9.969515e+01
1.156883e+01  9.869515e+01
1.157331e+01  9.769515e+01
1.157779e+01  9.669515e+01
1.158229e+01  9.569515e+01
1.158679e+01  9.469515e+01
1.159131e+01  9.369515e+01
1.159583e+01  9.269515e+01
1.160037e+01  9.169515e+01
1.160492e+01  9.069515e+01
1.160949e+01  8.969515e+01
1.161407e+01  8.869515e+01
1.161866e+01  8.769515e+01
1.162328e+01  8.669515e+01
1.162791e+01  8.569515e+01
1.163255e+01  8.469515e+01
1.163722e+01  8.369515e+01
1.164190e+01  8.269515e+01
1.164661e+01  8.169515e+01
1.165134e+01  8.069515e+01
1.165609e+01  7.969515e+01
1.166086e+01  7.869515e+01
1.166566e+01  7.769515e+01
1.167048e+01  7.669515e+01
1.167533e+01  7.569515e+01
1.168021e+01  7.469515e+01
1.168512e+01  7.369515e+01
1.169006e+01  7.269515e+01
1.169503e+01  7.169515e+01
1.170003e+01  7.069515e+01
1.170507e+01  6.969515e+01
1.171015e+01  6.869515e+01
1.171526e+01  6.769515e+01
1.172041e+01  6.669515e+01
1.172561e+01  6.569515e+01
1.173085e+01  6.469515e+01
1.173613e+01  6.369515e+01
1.174146e+01  6.269515e+01
1.174684e+01  6.169515e+01
1.175227e+01  6.069515e+01
1.175776e+01  5.969515e+01
1.176330e+01  5.869515e+01
1.176891e+01  5.769515e+01
1.177458e+01  5.669515e+01
1.178031e+01  5.569515e+01
1.178612e+01  5.469515e+01
1.179199e+01  5.369515e+01
1.179795e+01  5.269515e+01
1.180399e+01  5.169515e+01
1.181011e+01  5.069515e+01
1.181633e+01  4.969515e+01
1.182264e+01  4.869515e+01
1.182906e+01  4.769515e+01
1.183559e+01  4.669515e+01
1.184223e+01  4.569515e+01
1.184901e+01  4.469515e+01
1.185591e+01  4.369515e+01
1.186297e+01  4.269515e+01
1.187017e+01  4.169515e+01
1.187755e+01  4.069515e+01
1.188511e+01  3.969515e+01
1.189288e+01  3.869515e+01
1.190086e+01  3.769515e+01
1.190908e+01  3.669515e+01
1.191757e+01  3.569515e+01
1.192636e+01  3.469515e+01
1.193548e+01  3.369515e+01
1.194497e+01  3.269515e+01
1.195490e+01  3.169515e+01
1.196533e+01  3.069515e+01
1.197635e+01  2.969515e+01
1.198807e+01  2.869515e+01
1.200065e+01  2.769515e+01
1.201431e+01  2.669515e+01
1.202941e+01  2.569515e+01
1.204650e+01  2.469515e+01
1.206668e+01  2.369515e+01
1.209260e+01  2.269515e+01
1.213836e+01  2.169515e+01
1.300826e+01  7.780853e+01
1.296277e+01  7.680853e+01
1.293274e+01  7.580853e+01
1.290849e+01  7.480853e+01
1.288749e+01  7.380853e+01
1.286866e+01  7.280853e+01
1.285138e+01  7.180853e+01
1.283529e+01  7.080853e+01
1.282013e+01  6.980853e+01
1.280574e+01  6.880853e+01
1.279197e+01  6.780853e+01
1.277874e+01  6.680853e+01
1.276595e+01  6.580853e+01
1.275356e+01  6.480853e+01
1.274150e+01  6.380853e+01
1.272974e+01  6.280853e+01
1.271824e+01  6.180853e+01
1.270696e+01  6.080853e+01
1.269587e+01  5.980853e+01
1.268497e+01  5.880853e+01
1.267421e+01  5.780853e+01
1.266359e+01  5.680853e+01
1.265308e+01  5.580853e+01
1.264267e+01  5.480853e+01
1.263234e+01  5.380853e+01
1.262209e+01  5.280853e+01
1.261188e+01  5.180853e+01
1.260172e+01  5.080853e+01
1.259159e+01  4.980853e+01
1.258148e+01  4.880853e+01
1.257137e+01  4.780853e+01
1.256126e+01  4.680853e+01
1.255112e+01  4.580853e+01
1.254095e+01  4.480853e+01
1.253073e+01  4.380853e+01
1.252045e+01  4.280853e+01
1.251010e+01  4.180853e+01
1.249965e+01  4.080853e+01
1.248909e+01  3.980853e+01
1.247841e+01  3.880853e+01
1.246757e+01  3.780853e+01
1.245656e+01  3.680853e+01
1.244534e+01  3.580853e+01
1.243389e+01  3.480853e+01
1.242217e+01  3.380853e+01
1.241012e+01  3.280853e+01
1.239771e+01  3.180853e+01
1.238485e+01  3.080853e+01
1.237146e+01  2.980853e+01
1.235744e+01  2.880853e+01
1.234262e+01  2.780853e+01
1.232678e+01  2.680853e+01
1.230961e+01  2.580853e+01
1.229056e+01  2.480853e+01
1.226863e+01  2.380853e+01
1.224147e+01  2.280853e+01
1.219871e+01  2.180853e+01
1.272130e+01  8.580853e+01
1.271247e+01  8.480853e+01
1.270378e+01  8.380853e+01
1.269521e+01  8.280853e+01
1.268675e+01  8.180853e+01
1.267840e+01  8.080853e+01
1.267014e+01  7.980853e+01
1.266197e+01  7.880853e+01
1.265387e+01  7.780853e+01
1.264585e+01  7.680853e+01
1.263790e+01  7.580853e+01
1.263001e+01  7.480853e+01
1.262216e+01  7.380853e+01
1.261437e+01  7.280853e+01
1.260662e+01  7.180853e+01
1.259891e+01  7.080853e+01
1.259123e+01  6.980853e+01
1.258358e+01  6.880853e+01
1.257595e+01  6.780853e+01
1.256835e+01  6.680853e+01
1.256076e+01  6.580853e+01
1.255318e+01  6.480853e+01
1.254560e+01  6.380853e+01
1.253803e+01  6.280853e+01
1.253046e+01  6.180853e+01
1.252288e+01  6.080853e+01
1.251530e+01  5.980853e+01
1.250769e+01  5.880853e+01
1.250007e+01  5.780853e+01
1.249243e+01  5.680853e+01
1.248476e+01  5.580853e+01
1.247706e+01  5.480853e+01
1.246932e+01  5.380853e+01
1.246153e+01  5.280853e+01
1.245370e+01  5.180853e+01
1.244582e+01  5.080853e+01
1.243787e+01  4.980853e+01
1.242986e+01  4.880853e+01
1.242177e+01  4.780853e+01
1.241361e+01  4.680853e+01
1.240535e+01  4.580853e+01
1.239700e+01  4.480853e+01
1.238854e+01  4.380853e+01
1.237996e+01  4.280853e+01
1.237125e+01  4.180853e+01
1.236240e+01  4.080853e+01
1.235339e+01  3.980853e+01
1.234420e+01  3.880853e+01
1.233482e+01  3.780853e+01
1.232523e+01  3.680853e+01
1.231539e+01  3.580853e+01
1.230528e+01  3.480853e+01
1.229486e+01  3.380853e+01
1.228409e+01  3.280853e+01
1.227292e+01  3.180853e+01
1.226127e+01  3.080853e+01
1.224907e+01  2.980853e+01
1.223621e+01  2.880853e+01
1.222252e+01  2.780853e+01
1.220780e+01  2.680853e+01
1.219173e+01  2.580853e+01
1.217376e+01  2.480853e+01
1.215291e+01  2.380853e+01
1.212685e+01  2.280853e+01
1.208529e+01  2.180853e+01
1.503433e+01  5.995258e+01
1.496030e+01  5.895258e+01
1.491658e+01  5.795258e+01
1.488198e+01  5.695258e+01
1.485227e+01  5.595258e+01
1.482570e+01  5.495258e+01
1.480133e+01  5.395258e+01
1.477861e+01  5.295258e+01
1.475716e+01  5.195258e+01
1.473673e+01  5.095258e+01
1.471711e+01  4.995258e+01
1.469817e+01  4.895258e+01
1.467978e+01  4.795258e+01
1.466184e+01  4.695258e+01
1.464428e+01  4.595258e+01
1.462703e+01  4.495258e+01
1.461003e+01  4.395258e+01
1.459322e+01  4.295258e+01
1.457655e+01  4.195258e+01
1.455997e+01  4.095258e+01
1.454345e+01  3.995258e+01
1.452693e+01  3.895258e+01
1.451037e+01  3.795258e+01
1.449372e+01  3.695258e+01
1.447694e+01  3.595258e+01
1.445996e+01  3.495258e+01
1.444274e+01  3.395258e+01
1.442520e+01  3.295258e+01
1.440725e+01  3.195258e+01
1.438882e+01  3.095258e+01
1.436976e+01  2.995258e+01
1.434993e+01  2.895258e+01
1.432912e+01  2.795258e+01
1.430705e+01  2.695258e+01
1.428328e+01  2.595258e+01
1.425713e+01  2.495258e+01
1.422734e+01  2.395258e+01
1.419111e+01  2.295258e+01
1.413788e+01  2.195258e+01
1.512955e+01  5.995258e+01
1.520620e+01  5.895258e+01
1.525259e+01  5.795258e+01
1.528993e+01  5.695258e+01
1.532246e+01  5.595258e+01
1.535192e+01  5.495258e+01
1.537926e+01  5.395258e+01
1.540504e+01  5.295258e+01
1.542964e+01  5.195258e+01
1.545331e+01  5.095258e+01
1.547627e+01  4.995258e+01
1.549867e+01  4.895258e+01
1.552062e+01  4.795258e+01
1.554225e+01  4.695258e+01
1.556363e+01  4.595258e+01
1.558484e+01  4.495258e+01
1.560597e+01  4.395258e+01
1.562707e+01  4.295258e+01
1.564820e+01  4.195258e+01
1.566944e+01  4.095258e+01
1.569085e+01  3.995258e+01
1.571249e+01  3.895258e+01
1.573443e+01  3.795258e+01
1.575676e+01  3.695258e+01
1.577954e+01  3.595258e+01
1.580289e+01  3.495258e+01
1.582691e+01  3.395258e+01
1.585173e+01  3.295258e+01
1.587751e+01  3.195258e+01
1.590445e+01  3.095258e+01
1.593279e+01  2.995258e+01
1.596287e+01  2.895258e+01
1.599513e+01  2.795258e+01
1.603020e+01  2.695258e+01
1.606904e+01  2.595258e+01
1.611322e+01  2.495258e+01
1.616568e+01  2.395258e+01
1.623314e+01  2.295258e+01
1.634177e+01  2.195258e+01
