0.000000e+00  0.000000e+00
8.000000e-03  1.579014e-06
1.600000e-02  6.314579e-06
2.400000e-02  1.420227e-05
3.200000e-02  2.523470e-05
4.000000e-02  3.940156e-05
4.800000e-02  5.668956e-05
5.600000e-02  7.708252e-05
6.400000e-02  1.005613e-04
7.200000e-02  1.271038e-04
8.000000e-02  1.566851e-04
8.800000e-02  1.892773e-04
9.600000e-02  2.248496e-04
1.040000e-01  2.633684e-04
1.120000e-01  3.047972e-04
1.200000e-01  3.490965e-04
1.280000e-01  3.962243e-04
1.360000e-01  4.461353e-04
1.440000e-01  4.987819e-04
1.520000e-01  5.541133e-04
1.600000e-01  6.120763e-04
1.680000e-01  6.726146e-04
1.760000e-01  7.356695e-04
1.840000e-01  8.011795e-04
1.920000e-01  8.690802e-04
2.000000e-01  9.393049e-04
2.080000e-01  1.011784e-03
2.160000e-01  1.086446e-03
2.240000e-01  1.163215e-03
2.320000e-01  1.242016e-03
2.400000e-01  1.322767e-03
2.480000e-01  1.405387e-03
2.560000e-01  1.489792e-03
2.640000e-01  1.575894e-03
2.720000e-01  1.663604e-03
2.800000e-01  1.752831e-03
2.880000e-01  1.843480e-03
2.960000e-01  1.935456e-03
3.040000e-01  2.028660e-03
3.120000e-01  2.122992e-03
3.200000e-01  2.218348e-03
3.280000e-01  2.314624e-03
3.360000e-01  2.411714e-03
3.440000e-01  2.509508e-03
3.520000e-01  2.607896e-03
3.600000e-01  2.706764e-03
3.680000e-01  2.805999e-03
3.760000e-01  2.905484e-03
3.840000e-01  3.005101e-03
3.920000e-01  3.104730e-03
4.000000e-01  3.204249e-03
4.080000e-01  3.303536e-03
4.160000e-01  3.402465e-03
4.240000e-01  3.500911e-03
4.320000e-01  3.598746e-03
4.400000e-01  3.695840e-03
4.480000e-01  3.792063e-03
4.560000e-01  3.887283e-03
4.640000e-01  3.981368e-03
4.720000e-01  4.074183e-03
4.800000e-01  4.165593e-03
4.880000e-01  4.255461e-03
4.960000e-01  4.343650e-03
5.040000e-01  4.430022e-03
5.120000e-01  4.514438e-03
5.200000e-01  4.596756e-03
5.280000e-01  4.676837e-03
5.360000e-01  4.754539e-03
5.440000e-01  4.829719e-03
5.520000e-01  4.902235e-03
5.600000e-01  4.971943e-03
5.680000e-01  5.038699e-03
5.760000e-01  5.102360e-03
5.840000e-01  5.162780e-03
5.920000e-01  5.219815e-03
6.000000e-01  5.273320e-03
6.080000e-01  5.323148e-03
6.160000e-01  5.369156e-03
6.240000e-01  5.411198e-03
6.320000e-01  5.449128e-03
6.400000e-01  5.482801e-03
6.480000e-01  5.512073e-03
6.560000e-01  5.536798e-03
6.640000e-01  5.556832e-03
6.720000e-01  5.572030e-03
6.800000e-01  5.582250e-03
6.880000e-01  5.587349e-03
6.960000e-01  5.587183e-03
7.040000e-01  5.581610e-03
7.120000e-01  5.570490e-03
7.200000e-01  5.553682e-03
7.280000e-01  5.531047e-03
7.360000e-01  5.502446e-03
7.440000e-01  5.467741e-03
7.520000e-01  5.426795e-03
7.600000e-01  5.379473e-03
7.680000e-01  5.325641e-03
7.760000e-01  5.265166e-03
7.840000e-01  5.197915e-03
7.920000e-01  5.123759e-03
8.000000e-01  5.042569e-03
8.080000e-01  4.954216e-03
8.160000e-01  4.858575e-03
8.240000e-01  4.755522e-03
8.320000e-01  4.644934e-03
8.400000e-01  4.526691e-03
8.480000e-01  4.400673e-03
8.560000e-01  4.266764e-03
8.640000e-01  4.124849e-03
8.720000e-01  3.974814e-03
8.800000e-01  3.816548e-03
8.880000e-01  3.649943e-03
8.960000e-01  3.474892e-03
9.040000e-01  3.291290e-03
9.120000e-01  3.099037e-03
9.200000e-01  2.898031e-03
9.280000e-01  2.688177e-03
9.360000e-01  2.469379e-03
9.440000e-01  2.241545e-03
9.520000e-01  2.004586e-03
9.600000e-01  1.758416e-03
9.680000e-01  1.502950e-03
9.760000e-01  1.238106e-03
9.840000e-01  9.638082e-04
9.920000e-01  6.799794e-04
1.000000e+00  3.865476e-04
1.008000e+00  8.344338e-05
1.016000e+00  -2.293995e-04
1.024000e+00  -5.520442e-04
1.032000e+00  -8.845508e-04
1.040000e+00  -1.226976e-03
1.048000e+00  -1.579373e-03
1.056000e+00  -1.941793e-03
1.064000e+00  -2.314282e-03
1.072000e+00  -2.696883e-03
1.080000e+00  -3.089637e-03
1.088000e+00  -3.492579e-03
1.096000e+00  -3.905743e-03
1.104000e+00  -4.329157e-03
1.112000e+00  -4.762848e-03
1.120000e+00  -5.206837e-03
1.128000e+00  -5.661143e-03
1.136000e+00  -6.125779e-03
1.144000e+00  -6.600757e-03
1.152000e+00  -7.086082e-03
1.160000e+00  -7.581759e-03
1.168000e+00  -8.087785e-03
1.176000e+00  -8.604156e-03
1.184000e+00  -9.130863e-03
1.192000e+00  -9.667893e-03
1.200000e+00  -1.021523e-02
1.208000e+00  -1.077285e-02
1.216000e+00  -1.134073e-02
1.224000e+00  -1.191884e-02
1.232000e+00  -1.250715e-02
1.240000e+00  -1.310561e-02
1.248000e+00  -1.371420e-02
1.256000e+00  -1.433285e-02
1.264000e+00  -1.496153e-02
1.272000e+00  -1.560017e-02
1.280000e+00  -1.624871e-02
1.288000e+00  -1.690711e-02
1.296000e+00  -1.757528e-02
1.304000e+00  -1.825315e-02
1.312000e+00  -1.894065e-02
1.320000e+00  -1.963770e-02
1.328000e+00  -2.034421e-02
1.336000e+00  -2.106010e-02
1.344000e+00  -2.178526e-02
1.352000e+00  -2.251961e-02
1.360000e+00  -2.326304e-02
1.368000e+00  -2.401544e-02
1.376000e+00  -2.477670e-02
1.384000e+00  -2.554671e-02
1.392000e+00  -2.632534e-02
1.400000e+00  -2.711247e-02
1.408000e+00  -2.790798e-02
1.416000e+00  -2.871172e-02
1.424000e+00  -2.952357e-02
1.432000e+00  -3.034337e-02
1.440000e+00  -3.117099e-02
1.448000e+00  -3.200627e-02
1.456000e+00  -3.284906e-02
1.464000e+00  -3.369919e-02
1.472000e+00  -3.455650e-02
1.480000e+00  -3.542084e-02
1.488000e+00  -3.629201e-02
1.496000e+00  -3.716985e-02
1.504000e+00  -3.805418e-02
1.512000e+00  -3.894480e-02
1.520000e+00  -3.984154e-02
1.528000e+00  -4.074419e-02
1.536000e+00  -4.165256e-02
1.544000e+00  -4.256645e-02
1.552000e+00  -4.348565e-02
1.560000e+00  -4.440995e-02
1.568000e+00  -4.533914e-02
1.576000e+00  -4.627300e-02
1.584000e+00  -4.721130e-02
1.592000e+00  -4.815382e-02
1.600000e+00  -4.910034e-02
1.608000e+00  -5.005061e-02
1.616000e+00  -5.100440e-02
1.624000e+00  -5.196147e-02
1.632000e+00  -5.292157e-02
1.640000e+00  -5.388446e-02
1.648000e+00  -5.484987e-02
1.656000e+00  -5.581756e-02
1.664000e+00  -5.678727e-02
1.672000e+00  -5.775873e-02
1.680000e+00  -5.873167e-02
1.688000e+00  -5.970583e-02
1.696000e+00  -6.068093e-02
1.704000e+00  -6.165669e-02
1.712000e+00  -6.263284e-02
1.720000e+00  -6.360909e-02
1.728000e+00  -6.458516e-02
1.736000e+00  -6.556075e-02
1.744000e+00  -6.653558e-02
1.752000e+00  -6.750934e-02
1.760000e+00  -6.848175e-02
1.768000e+00  -6.945249e-02
1.776000e+00  -7.042127e-02
1.784000e+00  -7.138778e-02
1.792000e+00  -7.235171e-02
1.800000e+00  -7.331274e-02
1.808000e+00  -7.427057e-02
1.816000e+00  -7.522488e-02
1.824000e+00  -7.617534e-02
1.832000e+00  -7.712164e-02
1.840000e+00  -7.806346e-02
1.848000e+00  -7.900046e-02
1.856000e+00  -7.993233e-02
1.864000e+00  -8.085873e-02
1.872000e+00  -8.177932e-02
1.880000e+00  -8.269379e-02
1.888000e+00  -8.360179e-02
1.896000e+00  -8.450298e-02
1.904000e+00  -8.539703e-02
1.912000e+00  -8.628360e-02
1.920000e+00  -8.716235e-02
1.928000e+00  -8.803293e-02
1.936000e+00  -8.889501e-02
1.944000e+00  -8.974824e-02
1.952000e+00  -9.059227e-02
1.960000e+00  -9.142675e-02
1.968000e+00  -9.225135e-02
1.976000e+00  -9.306570e-02
1.984000e+00  -9.386947e-02
1.992000e+00  -9.466231e-02
2.000000e+00  -9.544385e-02
2.008000e+00  -9.621376e-02
2.016000e+00  -9.697169e-02
2.024000e+00  -9.771728e-02
2.032000e+00  -9.845018e-02
2.040000e+00  -9.917004e-02
2.048000e+00  -9.987651e-02
2.056000e+00  -1.005692e-01
2.064000e+00  -1.012479e-01
2.072000e+00  -1.019121e-01
2.080000e+00  -1.025615e-01
2.088000e+00  -1.031958e-01
2.096000e+00  -1.038146e-01
2.104000e+00  -1.044176e-01
2.112000e+00  -1.050044e-01
2.120000e+00  -1.055746e-01
2.128000e+00  -1.061280e-01
2.136000e+00  -1.066642e-01
2.144000e+00  -1.071829e-01
2.152000e+00  -1.076836e-01
2.160000e+00  -1.081661e-01
2.168000e+00  -1.086301e-01
2.176000e+00  -1.090751e-01
2.184000e+00  -1.095009e-01
2.192000e+00  -1.099072e-01
2.200000e+00  -1.102935e-01
2.208000e+00  -1.106596e-01
2.216000e+00  -1.110052e-01
2.224000e+00  -1.113299e-01
2.232000e+00  -1.116334e-01
2.240000e+00  -1.119154e-01
2.248000e+00  -1.121756e-01
2.256000e+00  -1.124136e-01
2.264000e+00  -1.126292e-01
2.272000e+00  -1.128220e-01
2.280000e+00  -1.129917e-01
2.288000e+00  -1.131381e-01
2.296000e+00  -1.132609e-01
2.304000e+00  -1.133597e-01
2.312000e+00  -1.134342e-01
2.320000e+00  -1.134842e-01
2.328000e+00  -1.135094e-01
2.336000e+00  -1.135095e-01
2.344000e+00  -1.134842e-01
2.352000e+00  -1.134333e-01
2.360000e+00  -1.133565e-01
2.368000e+00  -1.132535e-01
2.376000e+00  -1.131241e-01
2.384000e+00  -1.129680e-01
2.392000e+00  -1.127850e-01
2.400000e+00  -1.125748e-01
2.408000e+00  -1.123371e-01
2.416000e+00  -1.120718e-01
2.424000e+00  -1.117786e-01
2.432000e+00  -1.114573e-01
2.440000e+00  -1.111077e-01
2.448000e+00  -1.107295e-01
2.456000e+00  -1.103225e-01
2.464000e+00  -1.098866e-01
2.472000e+00  -1.094214e-01
2.480000e+00  -1.089269e-01
2.488000e+00  -1.084029e-01
2.496000e+00  -1.078491e-01
2.504000e+00  -1.072654e-01
2.512000e+00  -1.066516e-01
2.520000e+00  -1.060075e-01
2.528000e+00  -1.053330e-01
2.536000e+00  -1.046280e-01
2.544000e+00  -1.038922e-01
2.552000e+00  -1.031255e-01
2.560000e+00  -1.023279e-01
2.568000e+00  -1.014991e-01
2.576000e+00  -1.006391e-01
2.584000e+00  -9.974769e-02
2.592000e+00  -9.882481e-02
2.600000e+00  -9.787036e-02
2.608000e+00  -9.688422e-02
2.616000e+00  -9.586632e-02
2.624000e+00  -9.481658e-02
2.632000e+00  -9.373491e-02
2.640000e+00  -9.262124e-02
2.648000e+00  -9.147553e-02
2.656000e+00  -9.029771e-02
2.664000e+00  -8.908773e-02
2.672000e+00  -8.784556e-02
2.680000e+00  -8.657117e-02
2.688000e+00  -8.526453e-02
2.696000e+00  -8.392562e-02
2.704000e+00  -8.255443e-02
2.712000e+00  -8.115097e-02
2.720000e+00  -7.971524e-02
2.728000e+00  -7.824724e-02
2.736000e+00  -7.674701e-02
2.744000e+00  -7.521456e-02
2.752000e+00  -7.364995e-02
2.760000e+00  -7.205320e-02
2.768000e+00  -7.042438e-02
2.776000e+00  -6.876355e-02
2.784000e+00  -6.707077e-02
2.792000e+00  -6.534611e-02
2.800000e+00  -6.358967e-02
2.808000e+00  -6.180154e-02
2.816000e+00  -5.998182e-02
2.824000e+00  -5.813061e-02
2.832000e+00  -5.624803e-02
2.840000e+00  -5.433421e-02
2.848000e+00  -5.238929e-02
2.856000e+00  -5.041340e-02
2.864000e+00  -4.840669e-02
2.872000e+00  -4.636932e-02
2.880000e+00  -4.430147e-02
2.888000e+00  -4.220329e-02
2.896000e+00  -4.007499e-02
2.904000e+00  -3.791674e-02
2.912000e+00  -3.572875e-02
2.920000e+00  -3.351123e-02
2.928000e+00  -3.126439e-02
2.936000e+00  -2.898847e-02
2.944000e+00  -2.668368e-02
2.952000e+00  -2.435028e-02
2.960000e+00  -2.198852e-02
2.968000e+00  -1.959865e-02
2.976000e+00  -1.718094e-02
2.984000e+00  -1.473566e-02
2.992000e+00  -1.226311e-02
3.000000e+00  -9.763563e-03
3.008000e+00  -7.237332e-03
3.016000e+00  -4.684722e-03
3.024000e+00  -2.106049e-03
3.032000e+00  4.983611e-04
3.040000e+00  3.128175e-03
3.048000e+00  5.783052e-03
3.056000e+00  8.462641e-03
3.064000e+00  1.116658e-02
3.072000e+00  1.389452e-02
3.080000e+00  1.664606e-02
3.088000e+00  1.942084e-02
3.096000e+00  2.221847e-02
3.104000e+00  2.503853e-02
3.112000e+00  2.788064e-02
3.120000e+00  3.074437e-02
3.128000e+00  3.362930e-02
3.136000e+00  3.653501e-02
3.144000e+00  3.946106e-02
3.152000e+00  4.240699e-02
3.160000e+00  4.537236e-02
3.168000e+00  4.835672e-02
3.176000e+00  5.135958e-02
3.184000e+00  5.438049e-02
3.192000e+00  5.741894e-02
3.200000e+00  6.047446e-02
3.208000e+00  6.354655e-02
3.216000e+00  6.663470e-02
3.224000e+00  6.973841e-02
3.232000e+00  7.285715e-02
3.240000e+00  7.599040e-02
3.248000e+00  7.913762e-02
3.256000e+00  8.229829e-02
3.264000e+00  8.547185e-02
3.272000e+00  8.865774e-02
3.280000e+00  9.185542e-02
3.288000e+00  9.506432e-02
3.296000e+00  9.828386e-02
3.304000e+00  1.015135e-01
3.312000e+00  1.047526e-01
3.320000e+00  1.080006e-01
3.328000e+00  1.112568e-01
3.336000e+00  1.145208e-01
3.344000e+00  1.177919e-01
3.352000e+00  1.210694e-01
3.360000e+00  1.243528e-01
3.368000e+00  1.276415e-01
3.376000e+00  1.309347e-01
3.384000e+00  1.342319e-01
3.392000e+00  1.375324e-01
3.400000e+00  1.408356e-01
3.408000e+00  1.441408e-01
3.416000e+00  1.474474e-01
3.424000e+00  1.507547e-01
3.432000e+00  1.540621e-01
3.440000e+00  1.573689e-01
3.448000e+00  1.606743e-01
3.456000e+00  1.639778e-01
3.464000e+00  1.672786e-01
3.472000e+00  1.705762e-01
3.480000e+00  1.738696e-01
3.488000e+00  1.771584e-01
3.496000e+00  1.804417e-01
3.504000e+00  1.837190e-01
3.512000e+00  1.869894e-01
3.520000e+00  1.902523e-01
3.528000e+00  1.935069e-01
3.536000e+00  1.967527e-01
3.544000e+00  1.999887e-01
3.552000e+00  2.032144e-01
3.560000e+00  2.064290e-01
3.568000e+00  2.096317e-01
3.576000e+00  2.128219e-01
3.584000e+00  2.159989e-01
3.592000e+00  2.191618e-01
3.600000e+00  2.223101e-01
3.608000e+00  2.254428e-01
3.616000e+00  2.285594e-01
3.624000e+00  2.316590e-01
3.632000e+00  2.347410e-01
3.640000e+00  2.378046e-01
3.648000e+00  2.408490e-01
3.656000e+00  2.438736e-01
3.664000e+00  2.468776e-01
3.672000e+00  2.498602e-01
3.680000e+00  2.528207e-01
3.688000e+00  2.557584e-01
3.696000e+00  2.586725e-01
3.704000e+00  2.615623e-01
3.712000e+00  2.644271e-01
3.720000e+00  2.672661e-01
3.728000e+00  2.700785e-01
3.736000e+00  2.728638e-01
3.744000e+00  2.756210e-01
3.752000e+00  2.783495e-01
3.760000e+00  2.810486e-01
3.768000e+00  2.837175e-01
3.776000e+00  2.863554e-01
3.784000e+00  2.889618e-01
3.792000e+00  2.915357e-01
3.800000e+00  2.940766e-01
3.808000e+00  2.965837e-01
3.816000e+00  2.990563e-01
3.824000e+00  3.014936e-01
3.832000e+00  3.038950e-01
3.840000e+00  3.062598e-01
3.848000e+00  3.085872e-01
3.856000e+00  3.108765e-01
3.864000e+00  3.131271e-01
3.872000e+00  3.153382e-01
3.880000e+00  3.175092e-01
3.888000e+00  3.196394e-01
3.896000e+00  3.217280e-01
3.904000e+00  3.237745e-01
3.912000e+00  3.257781e-01
3.920000e+00  3.277382e-01
3.928000e+00  3.296541e-01
3.936000e+00  3.315251e-01
3.944000e+00  3.333507e-01
3.952000e+00  3.351301e-01
3.960000e+00  3.368627e-01
3.968000e+00  3.385480e-01
3.976000e+00  3.401851e-01
3.984000e+00  3.417736e-01
3.992000e+00  3.433128e-01
4.000000e+00  3.448021e-01
4.008000e+00  3.462408e-01
4.016000e+00  3.476285e-01
4.024000e+00  3.489645e-01
4.032000e+00  3.502482e-01
4.040000e+00  3.514790e-01
4.048000e+00  3.526565e-01
4.056000e+00  3.537799e-01
4.064000e+00  3.548488e-01
4.072000e+00  3.558626e-01
4.080000e+00  3.568208e-01
4.088000e+00  3.577228e-01
4.096000e+00  3.585682e-01
4.104000e+00  3.593563e-01
4.112000e+00  3.600868e-01
4.120000e+00  3.607591e-01
4.128000e+00  3.613727e-01
4.136000e+00  3.619272e-01
4.144000e+00  3.624220e-01
4.152000e+00  3.628568e-01
4.160000e+00  3.632310e-01
4.168000e+00  3.635442e-01
4.176000e+00  3.637961e-01
4.184000e+00  3.639861e-01
4.192000e+00  3.641139e-01
4.200000e+00  3.641791e-01
4.208000e+00  3.641812e-01
4.216000e+00  3.641200e-01
4.224000e+00  3.639949e-01
4.232000e+00  3.638058e-01
4.240000e+00  3.635521e-01
4.248000e+00  3.632336e-01
4.256000e+00  3.628500e-01
4.264000e+00  3.624010e-01
4.272000e+00  3.618862e-01
4.280000e+00  3.613053e-01
4.288000e+00  3.606581e-01
4.296000e+00  3.599443e-01
4.304000e+00  3.591636e-01
4.312000e+00  3.583158e-01
4.320000e+00  3.574007e-01
4.328000e+00  3.564180e-01
4.336000e+00  3.553676e-01
4.344000e+00  3.542492e-01
4.352000e+00  3.530626e-01
4.360000e+00  3.518077e-01
4.368000e+00  3.504843e-01
4.376000e+00  3.490923e-01
4.384000e+00  3.476316e-01
4.392000e+00  3.461019e-01
4.400000e+00  3.445032e-01
4.408000e+00  3.428355e-01
4.416000e+00  3.410986e-01
4.424000e+00  3.392924e-01
4.432000e+00  3.374169e-01
4.440000e+00  3.354721e-01
4.448000e+00  3.334579e-01
4.456000e+00  3.313743e-01
4.464000e+00  3.292214e-01
4.472000e+00  3.269990e-01
4.480000e+00  3.247073e-01
4.488000e+00  3.223462e-01
4.496000e+00  3.199159e-01
4.504000e+00  3.174163e-01
4.512000e+00  3.148477e-01
4.520000e+00  3.122100e-01
4.528000e+00  3.095033e-01
4.536000e+00  3.067279e-01
4.544000e+00  3.038837e-01
4.552000e+00  3.009711e-01
4.560000e+00  2.979901e-01
4.568000e+00  2.949409e-01
4.576000e+00  2.918236e-01
4.584000e+00  2.886386e-01
4.592000e+00  2.853860e-01
4.600000e+00  2.820661e-01
4.608000e+00  2.786791e-01
4.616000e+00  2.752252e-01
4.624000e+00  2.717048e-01
4.632000e+00  2.681181e-01
4.640000e+00  2.644654e-01
4.648000e+00  2.607471e-01
4.656000e+00  2.569634e-01
4.664000e+00  2.531148e-01
4.672000e+00  2.492015e-01
4.680000e+00  2.452240e-01
4.688000e+00  2.411827e-01
4.696000e+00  2.370779e-01
4.704000e+00  2.329101e-01
4.712000e+00  2.286796e-01
4.720000e+00  2.243871e-01
4.728000e+00  2.200328e-01
4.736000e+00  2.156172e-01
4.744000e+00  2.111410e-01
4.752000e+00  2.066045e-01
4.760000e+00  2.020082e-01
4.768000e+00  1.973528e-01
4.776000e+00  1.926387e-01
4.784000e+00  1.878665e-01
4.792000e+00  1.830368e-01
4.800000e+00  1.781501e-01
4.808000e+00  1.732071e-01
4.816000e+00  1.682083e-01
4.824000e+00  1.631544e-01
4.832000e+00  1.580461e-01
4.840000e+00  1.528839e-01
4.848000e+00  1.476685e-01
4.856000e+00  1.424006e-01
4.864000e+00  1.370809e-01
4.872000e+00  1.317102e-01
4.880000e+00  1.262890e-01
4.888000e+00  1.208182e-01
4.896000e+00  1.152984e-01
4.904000e+00  1.097305e-01
4.912000e+00  1.041152e-01
4.920000e+00  9.845329e-02
4.928000e+00  9.274553e-02
4.936000e+00  8.699275e-02
4.944000e+00  8.119575e-02
4.952000e+00  7.535537e-02
4.960000e+00  6.947244e-02
4.968000e+00  6.354782e-02
4.976000e+00  5.758236e-02
4.984000e+00  5.157694e-02
4.992000e+00  4.553245e-02
5.000000e+00  3.944977e-02
5.008000e+00  3.332983e-02
5.016000e+00  2.717353e-02
5.024000e+00  2.098181e-02
5.032000e+00  1.475560e-02
5.040000e+00  8.495858e-03
5.048000e+00  2.203544e-03
5.056000e+00  -4.120371e-03
5.064000e+00  -1.047491e-02
5.072000e+00  -1.685907e-02
5.080000e+00  -2.327186e-02
5.088000e+00  -2.971227e-02
5.096000e+00  -3.617928e-02
5.104000e+00  -4.267185e-02
5.112000e+00  -4.918896e-02
5.120000e+00  -5.572954e-02
5.128000e+00  -6.229255e-02
5.136000e+00  -6.887692e-02
5.144000e+00  -7.548157e-02
5.152000e+00  -8.210542e-02
5.160000e+00  -8.874739e-02
5.168000e+00  -9.540638e-02
5.176000e+00  -1.020813e-01
5.184000e+00  -1.087710e-01
5.192000e+00  -1.154743e-01
5.200000e+00  -1.221902e-01
5.208000e+00  -1.289176e-01
5.216000e+00  -1.356551e-01
5.224000e+00  -1.424019e-01
5.232000e+00  -1.491565e-01
5.240000e+00  -1.559180e-01
5.248000e+00  -1.626852e-01
5.256000e+00  -1.694567e-01
5.264000e+00  -1.762316e-01
5.272000e+00  -1.830086e-01
5.280000e+00  -1.897865e-01
5.288000e+00  -1.965641e-01
5.296000e+00  -2.033402e-01
5.304000e+00  -2.101137e-01
5.312000e+00  -2.168832e-01
5.320000e+00  -2.236477e-01
5.328000e+00  -2.304058e-01
5.336000e+00  -2.371564e-01
5.344000e+00  -2.438983e-01
5.352000e+00  -2.506301e-01
5.360000e+00  -2.573508e-01
5.368000e+00  -2.640590e-01
5.376000e+00  -2.707535e-01
5.384000e+00  -2.774331e-01
5.392000e+00  -2.840965e-01
5.400000e+00  -2.907425e-01
5.408000e+00  -2.973699e-01
5.416000e+00  -3.039774e-01
5.424000e+00  -3.105638e-01
5.432000e+00  -3.171278e-01
5.440000e+00  -3.236682e-01
5.448000e+00  -3.301837e-01
5.456000e+00  -3.366730e-01
5.464000e+00  -3.431351e-01
5.472000e+00  -3.495685e-01
5.480000e+00  -3.559720e-01
5.488000e+00  -3.623445e-01
5.496000e+00  -3.686846e-01
5.504000e+00  -3.749911e-01
5.512000e+00  -3.812628e-01
5.520000e+00  -3.874984e-01
5.528000e+00  -3.936967e-01
5.536000e+00  -3.998564e-01
5.544000e+00  -4.059763e-01
5.552000e+00  -4.120553e-01
5.560000e+00  -4.180920e-01
5.568000e+00  -4.240852e-01
5.576000e+00  -4.300337e-01
5.584000e+00  -4.359364e-01
5.592000e+00  -4.417919e-01
5.600000e+00  -4.475991e-01
5.608000e+00  -4.533567e-01
5.616000e+00  -4.590636e-01
5.624000e+00  -4.647186e-01
5.632000e+00  -4.703204e-01
5.640000e+00  -4.758679e-01
5.648000e+00  -4.813600e-01
5.656000e+00  -4.867953e-01
5.664000e+00  -4.921729e-01
5.672000e+00  -4.974914e-01
5.680000e+00  -5.027498e-01
5.688000e+00  -5.079469e-01
5.696000e+00  -5.130816e-01
5.704000e+00  -5.181527e-01
5.712000e+00  -5.231591e-01
5.720000e+00  -5.280997e-01
5.728000e+00  -5.329733e-01
5.736000e+00  -5.377789e-01
5.744000e+00  -5.425154e-01
5.752000e+00  -5.471817e-01
5.760000e+00  -5.517767e-01
5.768000e+00  -5.562993e-01
5.776000e+00  -5.607486e-01
5.784000e+00  -5.651233e-01
5.792000e+00  -5.694226e-01
5.800000e+00  -5.736454e-01
5.808000e+00  -5.777906e-01
5.816000e+00  -5.818573e-01
5.824000e+00  -5.858444e-01
5.832000e+00  -5.897510e-01
5.840000e+00  -5.935761e-01
5.848000e+00  -5.973187e-01
5.856000e+00  -6.009779e-01
5.864000e+00  -6.045528e-01
5.872000e+00  -6.080424e-01
5.880000e+00  -6.114457e-01
5.888000e+00  -6.147620e-01
5.896000e+00  -6.179903e-01
5.904000e+00  -6.211297e-01
5.912000e+00  -6.241794e-01
5.920000e+00  -6.271386e-01
5.928000e+00  -6.300063e-01
5.936000e+00  -6.327817e-01
5.944000e+00  -6.354642e-01
5.952000e+00  -6.380528e-01
5.960000e+00  -6.405467e-01
5.968000e+00  -6.429453e-01
5.976000e+00  -6.452478e-01
5.984000e+00  -6.474533e-01
5.992000e+00  -6.495613e-01
6.000000e+00  -6.515710e-01
6.008000e+00  -6.534817e-01
6.016000e+00  -6.552927e-01
6.024000e+00  -6.570035e-01
6.032000e+00  -6.586132e-01
6.040000e+00  -6.601213e-01
6.048000e+00  -6.615273e-01
6.056000e+00  -6.628304e-01
6.064000e+00  -6.640302e-01
6.072000e+00  -6.651261e-01
6.080000e+00  -6.661174e-01
6.088000e+00  -6.670038e-01
6.096000e+00  -6.677846e-01
6.104000e+00  -6.684594e-01
6.112000e+00  -6.690278e-01
6.120000e+00  -6.694892e-01
6.128000e+00  -6.698432e-01
6.136000e+00  -6.700894e-01
6.144000e+00  -6.702275e-01
6.152000e+00  -6.702569e-01
6.160000e+00  -6.701774e-01
6.168000e+00  -6.699885e-01
6.176000e+00  -6.696901e-01
6.184000e+00  -6.692817e-01
6.192000e+00  -6.687630e-01
6.200000e+00  -6.681338e-01
6.208000e+00  -6.673939e-01
6.216000e+00  -6.665430e-01
6.224000e+00  -6.655808e-01
6.232000e+00  -6.645073e-01
6.240000e+00  -6.633221e-01
6.248000e+00  -6.620252e-01
6.256000e+00  -6.606164e-01
6.264000e+00  -6.590956e-01
6.272000e+00  -6.574627e-01
6.280000e+00  -6.557176e-01
6.288000e+00  -6.538602e-01
6.296000e+00  -6.518906e-01
6.304000e+00  -6.498086e-01
6.312000e+00  -6.476143e-01
6.320000e+00  -6.453078e-01
6.328000e+00  -6.428890e-01
6.336000e+00  -6.403579e-01
6.344000e+00  -6.377148e-01
6.352000e+00  -6.349597e-01
6.360000e+00  -6.320927e-01
6.368000e+00  -6.291140e-01
6.376000e+00  -6.260236e-01
6.384000e+00  -6.228219e-01
6.392000e+00  -6.195089e-01
6.400000e+00  -6.160850e-01
6.408000e+00  -6.125503e-01
6.416000e+00  -6.089052e-01
6.424000e+00  -6.051499e-01
6.432000e+00  -6.012847e-01
6.440000e+00  -5.973099e-01
6.448000e+00  -5.932260e-01
6.456000e+00  -5.890331e-01
6.464000e+00  -5.847319e-01
6.472000e+00  -5.803225e-01
6.480000e+00  -5.758056e-01
6.488000e+00  -5.711814e-01
6.496000e+00  -5.664506e-01
6.504000e+00  -5.616135e-01
6.512000e+00  -5.566707e-01
6.520000e+00  -5.516227e-01
6.528000e+00  -5.464700e-01
6.536000e+00  -5.412133e-01
6.544000e+00  -5.358531e-01
6.552000e+00  -5.303901e-01
6.560000e+00  -5.248248e-01
6.568000e+00  -5.191578e-01
6.576000e+00  -5.133900e-01
6.584000e+00  -5.075219e-01
6.592000e+00  -5.015543e-01
6.600000e+00  -4.954878e-01
6.608000e+00  -4.893233e-01
6.616000e+00  -4.830615e-01
6.624000e+00  -4.767032e-01
6.632000e+00  -4.702492e-01
6.640000e+00  -4.637003e-01
6.648000e+00  -4.570574e-01
6.656000e+00  -4.503212e-01
6.664000e+00  -4.434928e-01
6.672000e+00  -4.365730e-01
6.680000e+00  -4.295626e-01
6.688000e+00  -4.224628e-01
6.696000e+00  -4.152743e-01
6.704000e+00  -4.079982e-01
6.712000e+00  -4.006355e-01
6.720000e+00  -3.931871e-01
6.728000e+00  -3.856541e-01
6.736000e+00  -3.780376e-01
6.744000e+00  -3.703386e-01
6.752000e+00  -3.625582e-01
6.760000e+00  -3.546974e-01
6.768000e+00  -3.467574e-01
6.776000e+00  -3.387393e-01
6.784000e+00  -3.306443e-01
6.792000e+00  -3.224736e-01
6.800000e+00  -3.142282e-01
6.808000e+00  -3.059094e-01
6.816000e+00  -2.975184e-01
6.824000e+00  -2.890564e-01
6.832000e+00  -2.805248e-01
6.840000e+00  -2.719246e-01
6.848000e+00  -2.632572e-01
6.856000e+00  -2.545240e-01
6.864000e+00  -2.457261e-01
6.872000e+00  -2.368649e-01
6.880000e+00  -2.279418e-01
6.888000e+00  -2.189580e-01
6.896000e+00  -2.099150e-01
6.904000e+00  -2.008141e-01
6.912000e+00  -1.916567e-01
6.920000e+00  -1.824442e-01
6.928000e+00  -1.731780e-01
6.936000e+00  -1.638595e-01
6.944000e+00  -1.544902e-01
6.952000e+00  -1.450716e-01
6.960000e+00  -1.356050e-01
6.968000e+00  -1.260920e-01
6.976000e+00  -1.165340e-01
6.984000e+00  -1.069325e-01
6.992000e+00  -9.728915e-02
7.000000e+00  -8.760534e-02
7.008000e+00  -7.788262e-02
7.016000e+00  -6.812254e-02
7.024000e+00  -5.832665e-02
7.032000e+00  -4.849651e-02
7.040000e+00  -3.863369e-02
7.048000e+00  -2.873976e-02
7.056000e+00  -1.881633e-02
7.064000e+00  -8.864980e-03
7.072000e+00  1.112680e-03
7.080000e+00  1.111504e-02
7.088000e+00  2.114047e-02
7.096000e+00  3.118734e-02
7.104000e+00  4.125403e-02
7.112000e+00  5.133888e-02
7.120000e+00  6.144024e-02
7.128000e+00  7.155646e-02
7.136000e+00  8.168586e-02
7.144000e+00  9.182679e-02
7.152000e+00  1.019776e-01
7.160000e+00  1.121365e-01
7.168000e+00  1.223019e-01
7.176000e+00  1.324721e-01
7.184000e+00  1.426455e-01
7.192000e+00  1.528201e-01
7.200000e+00  1.629945e-01
7.208000e+00  1.731669e-01
7.216000e+00  1.833356e-01
7.224000e+00  1.934988e-01
7.232000e+00  2.036548e-01
7.240000e+00  2.138020e-01
7.248000e+00  2.239385e-01
7.256000e+00  2.340628e-01
7.264000e+00  2.441730e-01
7.272000e+00  2.542674e-01
7.280000e+00  2.643444e-01
7.288000e+00  2.744021e-01
7.296000e+00  2.844389e-01
7.304000e+00  2.944530e-01
7.312000e+00  3.044427e-01
7.320000e+00  3.144063e-01
7.328000e+00  3.243420e-01
7.336000e+00  3.342481e-01
7.344000e+00  3.441230e-01
7.352000e+00  3.539648e-01
7.360000e+00  3.637719e-01
7.368000e+00  3.735425e-01
7.376000e+00  3.832750e-01
7.384000e+00  3.929676e-01
7.392000e+00  4.026186e-01
7.400000e+00  4.122264e-01
7.408000e+00  4.217892e-01
7.416000e+00  4.313053e-01
7.424000e+00  4.407730e-01
7.432000e+00  4.501907e-01
7.440000e+00  4.595567e-01
7.448000e+00  4.688693e-01
7.456000e+00  4.781269e-01
7.464000e+00  4.873277e-01
7.472000e+00  4.964701e-01
7.480000e+00  5.055526e-01
7.488000e+00  5.145734e-01
7.496000e+00  5.235309e-01
7.504000e+00  5.324235e-01
7.512000e+00  5.412495e-01
7.520000e+00  5.500075e-01
7.528000e+00  5.586957e-01
7.536000e+00  5.673126e-01
7.544000e+00  5.758566e-01
7.552000e+00  5.843261e-01
7.560000e+00  5.927196e-01
7.568000e+00  6.010355e-01
7.576000e+00  6.092723e-01
7.584000e+00  6.174285e-01
7.592000e+00  6.255025e-01
7.600000e+00  6.334929e-01
7.608000e+00  6.413980e-01
7.616000e+00  6.492166e-01
7.624000e+00  6.569470e-01
7.632000e+00  6.645879e-01
7.640000e+00  6.721378e-01
7.648000e+00  6.795952e-01
7.656000e+00  6.869587e-01
7.664000e+00  6.942270e-01
7.672000e+00  7.013987e-01
7.680000e+00  7.084723e-01
7.688000e+00  7.154466e-01
7.696000e+00  7.223201e-01
7.704000e+00  7.290916e-01
7.712000e+00  7.357597e-01
7.720000e+00  7.423231e-01
7.728000e+00  7.487806e-01
7.736000e+00  7.551308e-01
7.744000e+00  7.613726e-01
7.752000e+00  7.675046e-01
7.760000e+00  7.735257e-01
7.768000e+00  7.794347e-01
7.776000e+00  7.852304e-01
7.784000e+00  7.909116e-01
7.792000e+00  7.964772e-01
7.800000e+00  8.019261e-01
7.808000e+00  8.072571e-01
7.816000e+00  8.124691e-01
7.824000e+00  8.175611e-01
7.832000e+00  8.225320e-01
7.840000e+00  8.273808e-01
7.848000e+00  8.321064e-01
7.856000e+00  8.367080e-01
7.864000e+00  8.411844e-01
7.872000e+00  8.455347e-01
7.880000e+00  8.497581e-01
7.888000e+00  8.538535e-01
7.896000e+00  8.578202e-01
7.904000e+00  8.616571e-01
7.912000e+00  8.653635e-01
7.920000e+00  8.689385e-01
7.928000e+00  8.723814e-01
7.936000e+00  8.756912e-01
7.944000e+00  8.788674e-01
7.952000e+00  8.819090e-01
7.960000e+00  8.848155e-01
7.968000e+00  8.875860e-01
7.976000e+00  8.902200e-01
7.984000e+00  8.927167e-01
7.992000e+00  8.950755e-01
8.000000e+00  8.972958e-01
8.008000e+00  8.993771e-01
8.016000e+00  9.013187e-01
8.024000e+00  9.031201e-01
8.032000e+00  9.047809e-01
8.040000e+00  9.063004e-01
8.048000e+00  9.076783e-01
8.056000e+00  9.089140e-01
8.064000e+00  9.100073e-01
8.072000e+00  9.109576e-01
8.080000e+00  9.117645e-01
8.088000e+00  9.124278e-01
8.096000e+00  9.129472e-01
8.104000e+00  9.133222e-01
8.112000e+00  9.135527e-01
8.120000e+00  9.136383e-01
8.128000e+00  9.135789e-01
8.136000e+00  9.133742e-01
8.144000e+00  9.130241e-01
8.152000e+00  9.125284e-01
8.160000e+00  9.118870e-01
8.168000e+00  9.110997e-01
8.176000e+00  9.101665e-01
8.184000e+00  9.090874e-01
8.192000e+00  9.078623e-01
8.200000e+00  9.064912e-01
8.208000e+00  9.049741e-01
8.216000e+00  9.033111e-01
8.224000e+00  9.015022e-01
8.232000e+00  8.995475e-01
8.240000e+00  8.974472e-01
8.248000e+00  8.952014e-01
8.256000e+00  8.928103e-01
8.264000e+00  8.902741e-01
8.272000e+00  8.875929e-01
8.280000e+00  8.847671e-01
8.288000e+00  8.817969e-01
8.296000e+00  8.786826e-01
8.304000e+00  8.754245e-01
8.312000e+00  8.720230e-01
8.320000e+00  8.684784e-01
8.328000e+00  8.647912e-01
8.336000e+00  8.609618e-01
8.344000e+00  8.569905e-01
8.352000e+00  8.528780e-01
8.360000e+00  8.486247e-01
8.368000e+00  8.442310e-01
8.376000e+00  8.396977e-01
8.384000e+00  8.350251e-01
8.392000e+00  8.302140e-01
8.400000e+00  8.252649e-01
8.408000e+00  8.201786e-01
8.416000e+00  8.149555e-01
8.424000e+00  8.095966e-01
8.432000e+00  8.041024e-01
8.440000e+00  7.984737e-01
8.448000e+00  7.927113e-01
8.456000e+00  7.868160e-01
8.464000e+00  7.807885e-01
8.472000e+00  7.746298e-01
8.480000e+00  7.683407e-01
8.488000e+00  7.619220e-01
8.496000e+00  7.553747e-01
8.504000e+00  7.486997e-01
8.512000e+00  7.418980e-01
8.520000e+00  7.349705e-01
8.528000e+00  7.279182e-01
8.536000e+00  7.207422e-01
8.544000e+00  7.134435e-01
8.552000e+00  7.060231e-01
8.560000e+00  6.984822e-01
8.568000e+00  6.908219e-01
8.576000e+00  6.830432e-01
8.584000e+00  6.751474e-01
8.592000e+00  6.671356e-01
8.600000e+00  6.590090e-01
8.608000e+00  6.507689e-01
8.616000e+00  6.424164e-01
8.624000e+00  6.339528e-01
8.632000e+00  6.253795e-01
8.640000e+00  6.166976e-01
8.648000e+00  6.079086e-01
8.656000e+00  5.990137e-01
8.664000e+00  5.900143e-01
8.672000e+00  5.809118e-01
8.680000e+00  5.717076e-01
8.688000e+00  5.624031e-01
8.696000e+00  5.529997e-01
8.704000e+00  5.434989e-01
8.712000e+00  5.339022e-01
8.720000e+00  5.242110e-01
8.728000e+00  5.144268e-01
8.736000e+00  5.045512e-01
8.744000e+00  4.945857e-01
8.752000e+00  4.845318e-01
8.760000e+00  4.743912e-01
8.768000e+00  4.641653e-01
8.776000e+00  4.538559e-01
8.784000e+00  4.434646e-01
8.792000e+00  4.329929e-01
8.800000e+00  4.224426e-01
8.808000e+00  4.118152e-01
8.816000e+00  4.011125e-01
8.824000e+00  3.903362e-01
8.832000e+00  3.794880e-01
8.840000e+00  3.685695e-01
8.848000e+00  3.575826e-01
8.856000e+00  3.465290e-01
8.864000e+00  3.354104e-01
8.872000e+00  3.242287e-01
8.880000e+00  3.129856e-01
8.888000e+00  3.016828e-01
8.896000e+00  2.903223e-01
8.904000e+00  2.789059e-01
8.912000e+00  2.674353e-01
8.920000e+00  2.559124e-01
8.928000e+00  2.443392e-01
8.936000e+00  2.327173e-01
8.944000e+00  2.210488e-01
8.952000e+00  2.093354e-01
8.960000e+00  1.975792e-01
8.968000e+00  1.857819e-01
8.976000e+00  1.739456e-01
8.984000e+00  1.620720e-01
8.992000e+00  1.501633e-01
9.000000e+00  1.382212e-01
9.008000e+00  1.262477e-01
9.016000e+00  1.142448e-01
9.024000e+00  1.022144e-01
9.032000e+00  9.015846e-02
9.040000e+00  7.807899e-02
9.048000e+00  6.597795e-02
9.056000e+00  5.385730e-02
9.064000e+00  4.171903e-02
9.072000e+00  2.956511e-02
9.080000e+00  1.739756e-02
9.088000e+00  5.218340e-03
9.096000e+00  -6.970534e-03
9.104000e+00  -1.916707e-02
9.112000e+00  -3.136926e-02
9.120000e+00  -4.357510e-02
9.128000e+00  -5.578260e-02
9.136000e+00  -6.798973e-02
9.144000e+00  -8.019449e-02
9.152000e+00  -9.239487e-02
9.160000e+00  -1.045889e-01
9.168000e+00  -1.167744e-01
9.176000e+00  -1.289496e-01
9.184000e+00  -1.411124e-01
9.192000e+00  -1.532607e-01
9.200000e+00  -1.653926e-01
9.208000e+00  -1.775060e-01
9.216000e+00  -1.895990e-01
9.224000e+00  -2.016696e-01
9.232000e+00  -2.137157e-01
9.240000e+00  -2.257353e-01
9.248000e+00  -2.377265e-01
9.256000e+00  -2.496873e-01
9.264000e+00  -2.616157e-01
9.272000e+00  -2.735097e-01
9.280000e+00  -2.853673e-01
9.288000e+00  -2.971866e-01
9.296000e+00  -3.089655e-01
9.304000e+00  -3.207023e-01
9.312000e+00  -3.323947e-01
9.320000e+00  -3.440411e-01
9.328000e+00  -3.556393e-01
9.336000e+00  -3.671875e-01
9.344000e+00  -3.786838e-01
9.352000e+00  -3.901261e-01
9.360000e+00  -4.015127e-01
9.368000e+00  -4.128416e-01
9.376000e+00  -4.241109e-01
9.384000e+00  -4.353188e-01
9.392000e+00  -4.464634e-01
9.400000e+00  -4.575427e-01
9.408000e+00  -4.685550e-01
9.416000e+00  -4.794985e-01
9.424000e+00  -4.903712e-01
9.432000e+00  -5.011714e-01
9.440000e+00  -5.118972e-01
9.448000e+00  -5.225470e-01
9.456000e+00  -5.331188e-01
9.464000e+00  -5.436109e-01
9.472000e+00  -5.540215e-01
9.480000e+00  -5.643490e-01
9.488000e+00  -5.745916e-01
9.496000e+00  -5.847475e-01
9.504000e+00  -5.948151e-01
9.512000e+00  -6.047927e-01
9.520000e+00  -6.146785e-01
9.528000e+00  -6.244710e-01
9.536000e+00  -6.341685e-01
9.544000e+00  -6.437694e-01
9.552000e+00  -6.532720e-01
9.560000e+00  -6.626748e-01
9.568000e+00  -6.719761e-01
9.576000e+00  -6.811745e-01
9.584000e+00  -6.902684e-01
9.592000e+00  -6.992562e-01
9.600000e+00  -7.081364e-01
9.608000e+00  -7.169076e-01
9.616000e+00  -7.255682e-01
9.624000e+00  -7.341169e-01
9.632000e+00  -7.425521e-01
9.640000e+00  -7.508725e-01
9.648000e+00  -7.590766e-01
9.656000e+00  -7.671632e-01
9.664000e+00  -7.751307e-01
9.672000e+00  -7.829779e-01
9.680000e+00  -7.907035e-01
9.688000e+00  -7.983061e-01
9.696000e+00  -8.057846e-01
9.704000e+00  -8.131375e-01
9.712000e+00  -8.203637e-01
9.720000e+00  -8.274620e-01
9.728000e+00  -8.344312e-01
9.736000e+00  -8.412701e-01
9.744000e+00  -8.479775e-01
9.752000e+00  -8.545524e-01
9.760000e+00  -8.609936e-01
9.768000e+00  -8.673000e-01
9.776000e+00  -8.734706e-01
9.784000e+00  -8.795044e-01
9.792000e+00  -8.854002e-01
9.800000e+00  -8.911572e-01
9.808000e+00  -8.967744e-01
9.816000e+00  -9.022508e-01
9.824000e+00  -9.075855e-01
9.832000e+00  -9.127776e-01
9.840000e+00  -9.178262e-01
9.848000e+00  -9.227305e-01
9.856000e+00  -9.274897e-01
9.864000e+00  -9.321030e-01
9.872000e+00  -9.365696e-01
9.880000e+00  -9.408887e-01
9.888000e+00  -9.450596e-01
9.896000e+00  -9.490817e-01
9.904000e+00  -9.529542e-01
9.912000e+00  -9.566765e-01
9.920000e+00  -9.602480e-01
9.928000e+00  -9.636681e-01
9.936000e+00  -9.669362e-01
9.944000e+00  -9.700518e-01
9.952000e+00  -9.730143e-01
9.960000e+00  -9.758233e-01
9.968000e+00  -9.784783e-01
9.976000e+00  -9.809788e-01
9.984000e+00  -9.833245e-01
9.992000e+00  -9.855149e-01
1.000000e+01  -9.875497e-01
1.000800e+01  -9.894286e-01
1.001600e+01  -9.911512e-01
1.002400e+01  -9.927173e-01
1.003200e+01  -9.941266e-01
1.004000e+01  -9.953789e-01
1.004800e+01  -9.964740e-01
1.005600e+01  -9.974117e-01
1.006400e+01  -9.981918e-01
1.007200e+01  -9.988143e-01
1.008000e+01  -9.992790e-01
1.008800e+01  -9.995859e-01
1.009600e+01  -9.997349e-01
1.010400e+01  -9.997261e-01
1.011200e+01  -9.995594e-01
1.012000e+01  -9.992349e-01
1.012800e+01  -9.987526e-01
1.013600e+01  -9.981127e-01
1.014400e+01  -9.973152e-01
1.015200e+01  -9.963603e-01
1.016000e+01  -9.952483e-01
1.016800e+01  -9.939792e-01
1.017600e+01  -9.925533e-01
1.018400e+01  -9.909709e-01
1.019200e+01  -9.892322e-01
1.020000e+01  -9.873376e-01
1.020800e+01  -9.852874e-01
1.021600e+01  -9.830819e-01
1.022400e+01  -9.807216e-01
1.023200e+01  -9.782069e-01
1.024000e+01  -9.755381e-01
1.024800e+01  -9.727158e-01
1.025600e+01  -9.697404e-01
1.026400e+01  -9.666125e-01
1.027200e+01  -9.633327e-01
1.028000e+01  -9.599014e-01
1.028800e+01  -9.563193e-01
1.029600e+01  -9.525870e-01
1.030400e+01  -9.487051e-01
1.031200e+01  -9.446744e-01
1.032000e+01  -9.404955e-01
1.032800e+01  -9.361691e-01
1.033600e+01  -9.316960e-01
1.034400e+01  -9.270770e-01
1.035200e+01  -9.223128e-01
1.036000e+01  -9.174043e-01
1.036800e+01  -9.123523e-01
1.037600e+01  -9.071577e-01
1.038400e+01  -9.018214e-01
1.039200e+01  -8.963443e-01
1.040000e+01  -8.907274e-01
1.040800e+01  -8.849715e-01
1.041600e+01  -8.790778e-01
1.042400e+01  -8.730472e-01
1.043200e+01  -8.668807e-01
1.044000e+01  -8.605794e-01
1.044800e+01  -8.541444e-01
1.045600e+01  -8.475768e-01
1.046400e+01  -8.408777e-01
1.047200e+01  -8.340482e-01
1.048000e+01  -8.270896e-01
1.048800e+01  -8.200030e-01
1.049600e+01  -8.127896e-01
1.050400e+01  -8.054507e-01
1.051200e+01  -7.979875e-01
1.052000e+01  -7.904013e-01
1.052800e+01  -7.826934e-01
1.053600e+01  -7.748651e-01
1.054400e+01  -7.669177e-01
1.055200e+01  -7.588526e-01
1.056000e+01  -7.506711e-01
1.056800e+01  -7.423748e-01
1.057600e+01  -7.339649e-01
1.058400e+01  -7.254429e-01
1.059200e+01  -7.168102e-01
1.060000e+01  -7.080684e-01
1.060800e+01  -6.992189e-01
1.061600e+01  -6.902632e-01
1.062400e+01  -6.812028e-01
1.063200e+01  -6.720393e-01
1.064000e+01  -6.627742e-01
1.064800e+01  -6.534092e-01
1.065600e+01  -6.439457e-01
1.066400e+01  -6.343854e-01
1.067200e+01  -6.247299e-01
1.068000e+01  -6.149809e-01
1.068800e+01  -6.051400e-01
1.069600e+01  -5.952088e-01
1.070400e+01  -5.851891e-01
1.071200e+01  -5.750826e-01
1.072000e+01  -5.648908e-01
1.072800e+01  -5.546157e-01
1.073600e+01  -5.442589e-01
1.074400e+01  -5.338221e-01
1.075200e+01  -5.233071e-01
1.076000e+01  -5.127157e-01
1.076800e+01  -5.020497e-01
1.077600e+01  -4.913109e-01
1.078400e+01  -4.805011e-01
1.079200e+01  -4.696220e-01
1.080000e+01  -4.586756e-01
1.080800e+01  -4.476637e-01
1.081600e+01  -4.365881e-01
1.082400e+01  -4.254506e-01
1.083200e+01  -4.142533e-01
1.084000e+01  -4.029978e-01
1.084800e+01  -3.916862e-01
1.085600e+01  -3.803203e-01
1.086400e+01  -3.689020e-01
1.087200e+01  -3.574333e-01
1.088000e+01  -3.459160e-01
1.088800e+01  -3.343521e-01
1.089600e+01  -3.227436e-01
1.090400e+01  -3.110922e-01
1.091200e+01  -2.994001e-01
1.092000e+01  -2.876692e-01
1.092800e+01  -2.759013e-01
1.093600e+01  -2.640985e-01
1.094400e+01  -2.522628e-01
1.095200e+01  -2.403960e-01
1.096000e+01  -2.285003e-01
1.096800e+01  -2.165775e-01
1.097600e+01  -2.046297e-01
1.098400e+01  -1.926588e-01
1.099200e+01  -1.806668e-01
1.100000e+01  -1.686557e-01
1.100800e+01  -1.566275e-01
1.101600e+01  -1.445842e-01
1.102400e+01  -1.325278e-01
1.103200e+01  -1.204603e-01
1.104000e+01  -1.083836e-01
1.104800e+01  -9.629981e-02
1.105600e+01  -8.421087e-02
1.106400e+01  -7.211878e-02
1.107200e+01  -6.002554e-02
1.108000e+01  -4.793314e-02
1.108800e+01  -3.584357e-02
1.109600e+01  -2.375882e-02
1.110400e+01  -1.168086e-02
1.111200e+01  3.883124e-04
1.112000e+01  1.244672e-02
1.112800e+01  2.449239e-02
1.113600e+01  3.652335e-02
1.114400e+01  4.853764e-02
1.115200e+01  6.053328e-02
1.116000e+01  7.250832e-02
1.116800e+01  8.446081e-02
1.117600e+01  9.638879e-02
1.118400e+01  1.082903e-01
1.119200e+01  1.201635e-01
1.120000e+01  1.320064e-01
1.120800e+01  1.438170e-01
1.121600e+01  1.555935e-01
1.122400e+01  1.673339e-01
1.123200e+01  1.790363e-01
1.124000e+01  1.906990e-01
1.124800e+01  2.023199e-01
1.125600e+01  2.138972e-01
1.126400e+01  2.254290e-01
1.127200e+01  2.369135e-01
1.128000e+01  2.483488e-01
1.128800e+01  2.597332e-01
1.129600e+01  2.710647e-01
1.130400e+01  2.823415e-01
1.131200e+01  2.935620e-01
1.132000e+01  3.047241e-01
1.132800e+01  3.158263e-01
1.133600e+01  3.268667e-01
1.134400e+01  3.378435e-01
1.135200e+01  3.487551e-01
1.136000e+01  3.595996e-01
1.136800e+01  3.703754e-01
1.137600e+01  3.810807e-01
1.138400e+01  3.917140e-01
1.139200e+01  4.022734e-01
1.140000e+01  4.127574e-01
1.140800e+01  4.231643e-01
1.141600e+01  4.334924e-01
1.142400e+01  4.437401e-01
1.143200e+01  4.539059e-01
1.144000e+01  4.639882e-01
1.144800e+01  4.739853e-01
1.145600e+01  4.838958e-01
1.146400e+01  4.937181e-01
1.147200e+01  5.034506e-01
1.148000e+01  5.130919e-01
1.148800e+01  5.226406e-01
1.149600e+01  5.320950e-01
1.150400e+01  5.414538e-01
1.151200e+01  5.507155e-01
1.152000e+01  5.598787e-01
1.152800e+01  5.689421e-01
1.153600e+01  5.779042e-01
1.154400e+01  5.867637e-01
1.155200e+01  5.955193e-01
1.156000e+01  6.041696e-01
1.156800e+01  6.127133e-01
1.157600e+01  6.211492e-01
1.158400e+01  6.294760e-01
1.159200e+01  6.376924e-01
1.160000e+01  6.457972e-01
1.160800e+01  6.537893e-01
1.161600e+01  6.616675e-01
1.162400e+01  6.694305e-01
1.163200e+01  6.770773e-01
1.164000e+01  6.846067e-01
1.164800e+01  6.920177e-01
1.165600e+01  6.993092e-01
1.166400e+01  7.064801e-01
1.167200e+01  7.135293e-01
1.168000e+01  7.204560e-01
1.168800e+01  7.272591e-01
1.169600e+01  7.339377e-01
1.170400e+01  7.404907e-01
1.171200e+01  7.469174e-01
1.172000e+01  7.532168e-01
1.172800e+01  7.593879e-01
1.173600e+01  7.654301e-01
1.174400e+01  7.713425e-01
1.175200e+01  7.771242e-01
1.176000e+01  7.827744e-01
1.176800e+01  7.882926e-01
1.177600e+01  7.936778e-01
1.178400e+01  7.989294e-01
1.179200e+01  8.040467e-01
1.180000e+01  8.090291e-01
1.180800e+01  8.138759e-01
1.181600e+01  8.185865e-01
1.182400e+01  8.231604e-01
1.183200e+01  8.275969e-01
1.184000e+01  8.318955e-01
1.184800e+01  8.360558e-01
1.185600e+01  8.400772e-01
1.186400e+01  8.439592e-01
1.187200e+01  8.477015e-01
1.188000e+01  8.513036e-01
1.188800e+01  8.547651e-01
1.189600e+01  8.580857e-01
1.190400e+01  8.612650e-01
1.191200e+01  8.643027e-01
1.192000e+01  8.671986e-01
1.192800e+01  8.699522e-01
1.193600e+01  8.725635e-01
1.194400e+01  8.750322e-01
1.195200e+01  8.773580e-01
1.196000e+01  8.795409e-01
1.196800e+01  8.815807e-01
1.197600e+01  8.834773e-01
1.198400e+01  8.852306e-01
1.199200e+01  8.868405e-01
1.200000e+01  8.883069e-01
1.200800e+01  8.896300e-01
1.201600e+01  8.908096e-01
1.202400e+01  8.918458e-01
1.203200e+01  8.927386e-01
1.204000e+01  8.934882e-01
1.204800e+01  8.940947e-01
1.205600e+01  8.945581e-01
1.206400e+01  8.948786e-01
1.207200e+01  8.950565e-01
1.208000e+01  8.950919e-01
1.208800e+01  8.949850e-01
1.209600e+01  8.947361e-01
1.210400e+01  8.943455e-01
1.211200e+01  8.938135e-01
1.212000e+01  8.931403e-01
1.212800e+01  8.923264e-01
1.213600e+01  8.913721e-01
1.214400e+01  8.902779e-01
1.215200e+01  8.890440e-01
1.216000e+01  8.876711e-01
1.216800e+01  8.861594e-01
1.217600e+01  8.845096e-01
1.218400e+01  8.827222e-01
1.219200e+01  8.807976e-01
1.220000e+01  8.787365e-01
1.220800e+01  8.765393e-01
1.221600e+01  8.742068e-01
1.222400e+01  8.717395e-01
1.223200e+01  8.691381e-01
1.224000e+01  8.664033e-01
1.224800e+01  8.635357e-01
1.225600e+01  8.605361e-01
1.226400e+01  8.574052e-01
1.227200e+01  8.541437e-01
1.228000e+01  8.507525e-01
1.228800e+01  8.472323e-01
1.229600e+01  8.435839e-01
1.230400e+01  8.398083e-01
1.231200e+01  8.359061e-01
1.232000e+01  8.318785e-01
1.232800e+01  8.277261e-01
1.233600e+01  8.234500e-01
1.234400e+01  8.190511e-01
1.235200e+01  8.145304e-01
1.236000e+01  8.098888e-01
1.236800e+01  8.051273e-01
1.237600e+01  8.002470e-01
1.238400e+01  7.952489e-01
1.239200e+01  7.901340e-01
1.240000e+01  7.849035e-01
1.240800e+01  7.795584e-01
1.241600e+01  7.740998e-01
1.242400e+01  7.685288e-01
1.243200e+01  7.628466e-01
1.244000e+01  7.570544e-01
1.244800e+01  7.511534e-01
1.245600e+01  7.451446e-01
1.246400e+01  7.390295e-01
1.247200e+01  7.328090e-01
1.248000e+01  7.264847e-01
1.248800e+01  7.200575e-01
1.249600e+01  7.135290e-01
1.250400e+01  7.069003e-01
1.251200e+01  7.001727e-01
1.252000e+01  6.933476e-01
1.252800e+01  6.864263e-01
1.253600e+01  6.794102e-01
1.254400e+01  6.723005e-01
1.255200e+01  6.650988e-01
1.256000e+01  6.578063e-01
1.256800e+01  6.504246e-01
1.257600e+01  6.429549e-01
1.258400e+01  6.353988e-01
1.259200e+01  6.277576e-01
1.260000e+01  6.200328e-01
1.260800e+01  6.122260e-01
1.261600e+01  6.043385e-01
1.262400e+01  5.963718e-01
1.263200e+01  5.883275e-01
1.264000e+01  5.802070e-01
1.264800e+01  5.720119e-01
1.265600e+01  5.637436e-01
1.266400e+01  5.554038e-01
1.267200e+01  5.469940e-01
1.268000e+01  5.385157e-01
1.268800e+01  5.299706e-01
1.269600e+01  5.213600e-01
1.270400e+01  5.126858e-01
1.271200e+01  5.039494e-01
1.272000e+01  4.951524e-01
1.272800e+01  4.862964e-01
1.273600e+01  4.773831e-01
1.274400e+01  4.684141e-01
1.275200e+01  4.593909e-01
1.276000e+01  4.503153e-01
1.276800e+01  4.411888e-01
1.277600e+01  4.320131e-01
1.278400e+01  4.227899e-01
1.279200e+01  4.135207e-01
1.280000e+01  4.042073e-01
1.280800e+01  3.948513e-01
1.281600e+01  3.854544e-01
1.282400e+01  3.760182e-01
1.283200e+01  3.665444e-01
1.284000e+01  3.570346e-01
1.284800e+01  3.474907e-01
1.285600e+01  3.379141e-01
1.286400e+01  3.283066e-01
1.287200e+01  3.186700e-01
1.288000e+01  3.090058e-01
1.288800e+01  2.993158e-01
1.289600e+01  2.896016e-01
1.290400e+01  2.798649e-01
1.291200e+01  2.701074e-01
1.292000e+01  2.603309e-01
1.292800e+01  2.505369e-01
1.293600e+01  2.407271e-01
1.294400e+01  2.309033e-01
1.295200e+01  2.210672e-01
1.296000e+01  2.112203e-01
1.296800e+01  2.013644e-01
1.297600e+01  1.915012e-01
1.298400e+01  1.816323e-01
1.299200e+01  1.717595e-01
1.300000e+01  1.618842e-01
1.300800e+01  1.520084e-01
1.301600e+01  1.421335e-01
1.302400e+01  1.322612e-01
1.303200e+01  1.223933e-01
1.304000e+01  1.125313e-01
1.304800e+01  1.026769e-01
1.305600e+01  9.283167e-02
1.306400e+01  8.299733e-02
1.307200e+01  7.317547e-02
1.308000e+01  6.336771e-02
1.308800e+01  5.357566e-02
1.309600e+01  4.380093e-02
1.310400e+01  3.404512e-02
1.311200e+01  2.430981e-02
1.312000e+01  1.459660e-02
1.312800e+01  4.907066e-03
1.313600e+01  -4.757231e-03
1.314400e+01  -1.439473e-02
1.315200e+01  -2.400387e-02
1.316000e+01  -3.358311e-02
1.316800e+01  -4.313092e-02
1.317600e+01  -5.264578e-02
1.318400e+01  -6.212616e-02
1.319200e+01  -7.157056e-02
1.320000e+01  -8.097749e-02
1.320800e+01  -9.034546e-02
1.321600e+01  -9.967299e-02
1.322400e+01  -1.089586e-01
1.323200e+01  -1.182009e-01
1.324000e+01  -1.273984e-01
1.324800e+01  -1.365497e-01
1.325600e+01  -1.456533e-01
1.326400e+01  -1.547079e-01
1.327200e+01  -1.637120e-01
1.328000e+01  -1.726643e-01
1.328800e+01  -1.815634e-01
1.329600e+01  -1.904080e-01
1.330400e+01  -1.991966e-01
1.331200e+01  -2.079281e-01
1.332000e+01  -2.166010e-01
1.332800e+01  -2.252140e-01
1.333600e+01  -2.337660e-01
1.334400e+01  -2.422555e-01
1.335200e+01  -2.506814e-01
1.336000e+01  -2.590423e-01
1.336800e+01  -2.673371e-01
1.337600e+01  -2.755646e-01
1.338400e+01  -2.837235e-01
1.339200e+01  -2.918126e-01
1.340000e+01  -2.998308e-01
1.340800e+01  -3.077770e-01
1.341600e+01  -3.156500e-01
1.342400e+01  -3.234486e-01
1.343200e+01  -3.311718e-01
1.344000e+01  -3.388184e-01
1.344800e+01  -3.463875e-01
1.345600e+01  -3.538779e-01
1.346400e+01  -3.612886e-01
1.347200e+01  -3.686186e-01
1.348000e+01  -3.758669e-01
1.348800e+01  -3.830325e-01
1.349600e+01  -3.901143e-01
1.350400e+01  -3.971116e-01
1.351200e+01  -4.040232e-01
1.352000e+01  -4.108484e-01
1.352800e+01  -4.175861e-01
1.353600e+01  -4.242356e-01
1.354400e+01  -4.307960e-01
1.355200e+01  -4.372663e-01
1.356000e+01  -4.436458e-01
1.356800e+01  -4.499337e-01
1.357600e+01  -4.561292e-01
1.358400e+01  -4.622315e-01
1.359200e+01  -4.682399e-01
1.360000e+01  -4.741536e-01
1.360800e+01  -4.799718e-01
1.361600e+01  -4.856940e-01
1.362400e+01  -4.913195e-01
1.363200e+01  -4.968474e-01
1.364000e+01  -5.022774e-01
1.364800e+01  -5.076086e-01
1.365600e+01  -5.128406e-01
1.366400e+01  -5.179726e-01
1.367200e+01  -5.230043e-01
1.368000e+01  -5.279350e-01
1.368800e+01  -5.327641e-01
1.369600e+01  -5.374913e-01
1.370400e+01  -5.421160e-01
1.371200e+01  -5.466377e-01
1.372000e+01  -5.510561e-01
1.372800e+01  -5.553706e-01
1.373600e+01  -5.595809e-01
1.374400e+01  -5.636866e-01
1.375200e+01  -5.676874e-01
1.376000e+01  -5.715828e-01
1.376800e+01  -5.753725e-01
1.377600e+01  -5.790564e-01
1.378400e+01  -5.826340e-01
1.379200e+01  -5.861050e-01
1.380000e+01  -5.894694e-01
1.380800e+01  -5.927268e-01
1.381600e+01  -5.958770e-01
1.382400e+01  -5.989198e-01
1.383200e+01  -6.018551e-01
1.384000e+01  -6.046827e-01
1.384800e+01  -6.074025e-01
1.385600e+01  -6.100144e-01
1.386400e+01  -6.125183e-01
1.387200e+01  -6.149141e-01
1.388000e+01  -6.172018e-01
1.388800e+01  -6.193814e-01
1.389600e+01  -6.214528e-01
1.390400e+01  -6.234160e-01
1.391200e+01  -6.252711e-01
1.392000e+01  -6.270181e-01
1.392800e+01  -6.286572e-01
1.393600e+01  -6.301883e-01
1.394400e+01  -6.316116e-01
1.395200e+01  -6.329272e-01
1.396000e+01  -6.341353e-01
1.396800e+01  -6.352359e-01
1.397600e+01  -6.362294e-01
1.398400e+01  -6.371159e-01
1.399200e+01  -6.378956e-01
1.400000e+01  -6.385687e-01
1.400800e+01  -6.391355e-01
1.401600e+01  -6.395964e-01
1.402400e+01  -6.399514e-01
1.403200e+01  -6.402011e-01
1.404000e+01  -6.403457e-01
1.404800e+01  -6.403855e-01
1.405600e+01  -6.403210e-01
1.406400e+01  -6.401524e-01
1.407200e+01  -6.398803e-01
1.408000e+01  -6.395049e-01
1.408800e+01  -6.390268e-01
1.409600e+01  -6.384464e-01
1.410400e+01  -6.377642e-01
1.411200e+01  -6.369806e-01
1.412000e+01  -6.360962e-01
1.412800e+01  -6.351114e-01
1.413600e+01  -6.340268e-01
1.414400e+01  -6.328429e-01
1.415200e+01  -6.315604e-01
1.416000e+01  -6.301798e-01
1.416800e+01  -6.287016e-01
1.417600e+01  -6.271266e-01
1.418400e+01  -6.254552e-01
1.419200e+01  -6.236883e-01
1.420000e+01  -6.218264e-01
1.420800e+01  -6.198702e-01
1.421600e+01  -6.178204e-01
1.422400e+01  -6.156777e-01
1.423200e+01  -6.134428e-01
1.424000e+01  -6.111164e-01
1.424800e+01  -6.086993e-01
1.425600e+01  -6.061923e-01
1.426400e+01  -6.035962e-01
1.427200e+01  -6.009116e-01
1.428000e+01  -5.981394e-01
1.428800e+01  -5.952805e-01
1.429600e+01  -5.923356e-01
1.430400e+01  -5.893056e-01
1.431200e+01  -5.861913e-01
1.432000e+01  -5.829936e-01
1.432800e+01  -5.797134e-01
1.433600e+01  -5.763516e-01
1.434400e+01  -5.729090e-01
1.435200e+01  -5.693867e-01
1.436000e+01  -5.657854e-01
1.436800e+01  -5.621061e-01
1.437600e+01  -5.583498e-01
1.438400e+01  -5.545174e-01
1.439200e+01  -5.506099e-01
1.440000e+01  -5.466283e-01
1.440800e+01  -5.425735e-01
1.441600e+01  -5.384465e-01
1.442400e+01  -5.342484e-01
1.443200e+01  -5.299802e-01
1.444000e+01  -5.256428e-01
1.444800e+01  -5.212374e-01
1.445600e+01  -5.167649e-01
1.446400e+01  -5.122264e-01
1.447200e+01  -5.076229e-01
1.448000e+01  -5.029556e-01
1.448800e+01  -4.982255e-01
1.449600e+01  -4.934336e-01
1.450400e+01  -4.885811e-01
1.451200e+01  -4.836690e-01
1.452000e+01  -4.786985e-01
1.452800e+01  -4.736707e-01
1.453600e+01  -4.685866e-01
1.454400e+01  -4.634474e-01
1.455200e+01  -4.582542e-01
1.456000e+01  -4.530082e-01
1.456800e+01  -4.477104e-01
1.457600e+01  -4.423621e-01
1.458400e+01  -4.369643e-01
1.459200e+01  -4.315183e-01
1.460000e+01  -4.260251e-01
1.460800e+01  -4.204860e-01
1.461600e+01  -4.149021e-01
1.462400e+01  -4.092745e-01
1.463200e+01  -4.036045e-01
1.464000e+01  -3.978931e-01
1.464800e+01  -3.921417e-01
1.465600e+01  -3.863513e-01
1.466400e+01  -3.805232e-01
1.467200e+01  -3.746585e-01
1.468000e+01  -3.687584e-01
1.468800e+01  -3.628242e-01
1.469600e+01  -3.568569e-01
1.470400e+01  -3.508578e-01
1.471200e+01  -3.448281e-01
1.472000e+01  -3.387690e-01
1.472800e+01  -3.326816e-01
1.473600e+01  -3.265672e-01
1.474400e+01  -3.204270e-01
1.475200e+01  -3.142621e-01
1.476000e+01  -3.080737e-01
1.476800e+01  -3.018631e-01
1.477600e+01  -2.956314e-01
1.478400e+01  -2.893799e-01
1.479200e+01  -2.831096e-01
1.480000e+01  -2.768219e-01
1.480800e+01  -2.705179e-01
1.481600e+01  -2.641987e-01
1.482400e+01  -2.578656e-01
1.483200e+01  -2.515198e-01
1.484000e+01  -2.451623e-01
1.484800e+01  -2.387945e-01
1.485600e+01  -2.324174e-01
1.486400e+01  -2.260323e-01
1.487200e+01  -2.196403e-01
1.488000e+01  -2.132426e-01
1.488800e+01  -2.068403e-01
1.489600e+01  -2.004346e-01
1.490400e+01  -1.940266e-01
1.491200e+01  -1.876175e-01
1.492000e+01  -1.812085e-01
1.492800e+01  -1.748006e-01
1.493600e+01  -1.683950e-01
1.494400e+01  -1.619928e-01
1.495200e+01  -1.555952e-01
1.496000e+01  -1.492032e-01
1.496800e+01  -1.428180e-01
1.497600e+01  -1.364407e-01
1.498400e+01  -1.300724e-01
1.499200e+01  -1.237141e-01
1.500000e+01  -1.173670e-01
1.500800e+01  -1.110321e-01
1.501600e+01  -1.047105e-01
1.502400e+01  -9.840328e-02
1.503200e+01  -9.211146e-02
1.504000e+01  -8.583612e-02
1.504800e+01  -7.957828e-02
1.505600e+01  -7.333899e-02
1.506400e+01  -6.711927e-02
1.507200e+01  -6.092013e-02
1.508000e+01  -5.474258e-02
1.508800e+01  -4.858763e-02
1.509600e+01  -4.245627e-02
1.510400e+01  -3.634947e-02
1.511200e+01  -3.026821e-02
1.512000e+01  -2.421347e-02
1.512800e+01  -1.818618e-02
1.513600e+01  -1.218730e-02
1.514400e+01  -6.217759e-03
1.515200e+01  -2.784911e-04
1.516000e+01  5.629592e-03
1.516800e+01  1.150558e-02
1.517600e+01  1.734858e-02
1.518400e+01  2.315771e-02
1.519200e+01  2.893209e-02
1.520000e+01  3.467086e-02
1.520800e+01  4.037316e-02
1.521600e+01  4.603815e-02
1.522400e+01  5.166499e-02
1.523200e+01  5.725287e-02
1.524000e+01  6.280098e-02
1.524800e+01  6.830851e-02
1.525600e+01  7.377468e-02
1.526400e+01  7.919872e-02
1.527200e+01  8.457986e-02
1.528000e+01  8.991734e-02
1.528800e+01  9.521044e-02
1.529600e+01  1.004584e-01
1.530400e+01  1.056605e-01
1.531200e+01  1.108161e-01
1.532000e+01  1.159245e-01
1.532800e+01  1.209849e-01
1.533600e+01  1.259968e-01
1.534400e+01  1.309594e-01
1.535200e+01  1.358722e-01
1.536000e+01  1.407344e-01
1.536800e+01  1.455456e-01
1.537600e+01  1.503049e-01
1.538400e+01  1.550120e-01
1.539200e+01  1.596662e-01
1.540000e+01  1.642669e-01
1.540800e+01  1.688136e-01
1.541600e+01  1.733057e-01
1.542400e+01  1.777427e-01
1.543200e+01  1.821242e-01
1.544000e+01  1.864495e-01
1.544800e+01  1.907183e-01
1.545600e+01  1.949300e-01
1.546400e+01  1.990841e-01
1.547200e+01  2.031804e-01
1.548000e+01  2.072182e-01
1.548800e+01  2.111972e-01
1.549600e+01  2.151169e-01
1.550400e+01  2.189771e-01
1.551200e+01  2.227772e-01
1.552000e+01  2.265170e-01
1.552800e+01  2.301961e-01
1.553600e+01  2.338141e-01
1.554400e+01  2.373707e-01
1.555200e+01  2.408656e-01
1.556000e+01  2.442985e-01
1.556800e+01  2.476692e-01
1.557600e+01  2.509773e-01
1.558400e+01  2.542225e-01
1.559200e+01  2.574048e-01
1.560000e+01  2.605237e-01
1.560800e+01  2.635791e-01
1.561600e+01  2.665709e-01
1.562400e+01  2.694987e-01
1.563200e+01  2.723625e-01
1.564000e+01  2.751620e-01
1.564800e+01  2.778971e-01
1.565600e+01  2.805677e-01
1.566400e+01  2.831736e-01
1.567200e+01  2.857148e-01
1.568000e+01  2.881912e-01
1.568800e+01  2.906025e-01
1.569600e+01  2.929489e-01
1.570400e+01  2.952302e-01
1.571200e+01  2.974464e-01
1.572000e+01  2.995974e-01
1.572800e+01  3.016833e-01
1.573600e+01  3.037040e-01
1.574400e+01  3.056595e-01
1.575200e+01  3.075499e-01
1.576000e+01  3.093752e-01
1.576800e+01  3.111354e-01
1.577600e+01  3.128306e-01
1.578400e+01  3.144609e-01
1.579200e+01  3.160263e-01
1.580000e+01  3.175269e-01
1.580800e+01  3.189629e-01
1.581600e+01  3.203343e-01
1.582400e+01  3.216414e-01
1.583200e+01  3.228842e-01
1.584000e+01  3.240628e-01
1.584800e+01  3.251776e-01
1.585600e+01  3.262286e-01
1.586400e+01  3.272160e-01
1.587200e+01  3.281400e-01
1.588000e+01  3.290009e-01
1.588800e+01  3.297989e-01
1.589600e+01  3.305342e-01
1.590400e+01  3.312070e-01
1.591200e+01  3.318176e-01
1.592000e+01  3.323664e-01
1.592800e+01  3.328535e-01
1.593600e+01  3.332792e-01
1.594400e+01  3.336440e-01
1.595200e+01  3.339480e-01
1.596000e+01  3.341916e-01
1.596800e+01  3.343751e-01
1.597600e+01  3.344989e-01
1.598400e+01  3.345633e-01
1.599200e+01  3.345687e-01
1.600000e+01  3.345154e-01
1.600800e+01  3.344039e-01
1.601600e+01  3.342346e-01
1.602400e+01  3.340078e-01
1.603200e+01  3.337239e-01
1.604000e+01  3.333834e-01
1.604800e+01  3.329867e-01
1.605600e+01  3.325342e-01
1.606400e+01  3.320264e-01
1.607200e+01  3.314637e-01
1.608000e+01  3.308466e-01
1.608800e+01  3.301756e-01
1.609600e+01  3.294512e-01
1.610400e+01  3.286738e-01
1.611200e+01  3.278439e-01
1.612000e+01  3.269621e-01
1.612800e+01  3.260288e-01
1.613600e+01  3.250445e-01
1.614400e+01  3.240099e-01
1.615200e+01  3.229254e-01
1.616000e+01  3.217916e-01
1.616800e+01  3.206089e-01
1.617600e+01  3.193781e-01
1.618400e+01  3.180995e-01
1.619200e+01  3.167739e-01
1.620000e+01  3.154017e-01
1.620800e+01  3.139836e-01
1.621600e+01  3.125201e-01
1.622400e+01  3.110118e-01
1.623200e+01  3.094593e-01
1.624000e+01  3.078633e-01
1.624800e+01  3.062242e-01
1.625600e+01  3.045428e-01
1.626400e+01  3.028197e-01
1.627200e+01  3.010554e-01
1.628000e+01  2.992507e-01
1.628800e+01  2.974060e-01
1.629600e+01  2.955222e-01
1.630400e+01  2.935997e-01
1.631200e+01  2.916393e-01
1.632000e+01  2.896416e-01
1.632800e+01  2.876072e-01
1.633600e+01  2.855369e-01
1.634400e+01  2.834312e-01
1.635200e+01  2.812908e-01
1.636000e+01  2.791164e-01
1.636800e+01  2.769087e-01
1.637600e+01  2.746683e-01
1.638400e+01  2.723959e-01
1.639200e+01  2.700921e-01
1.640000e+01  2.677577e-01
1.640800e+01  2.653934e-01
1.641600e+01  2.629997e-01
1.642400e+01  2.605774e-01
1.643200e+01  2.581272e-01
1.644000e+01  2.556498e-01
1.644800e+01  2.531459e-01
1.645600e+01  2.506160e-01
1.646400e+01  2.480610e-01
1.647200e+01  2.454815e-01
1.648000e+01  2.428783e-01
1.648800e+01  2.402519e-01
1.649600e+01  2.376031e-01
1.650400e+01  2.349326e-01
1.651200e+01  2.322411e-01
1.652000e+01  2.295293e-01
1.652800e+01  2.267978e-01
1.653600e+01  2.240474e-01
1.654400e+01  2.212788e-01
1.655200e+01  2.184925e-01
1.656000e+01  2.156894e-01
1.656800e+01  2.128701e-01
1.657600e+01  2.100354e-01
1.658400e+01  2.071858e-01
1.659200e+01  2.043221e-01
1.660000e+01  2.014449e-01
1.660800e+01  1.985550e-01
1.661600e+01  1.956530e-01
1.662400e+01  1.927397e-01
1.663200e+01  1.898155e-01
1.664000e+01  1.868814e-01
1.664800e+01  1.839378e-01
1.665600e+01  1.809856e-01
1.666400e+01  1.780253e-01
1.667200e+01  1.750576e-01
1.668000e+01  1.720832e-01
1.668800e+01  1.691027e-01
1.669600e+01  1.661169e-01
1.670400e+01  1.631262e-01
1.671200e+01  1.601315e-01
1.672000e+01  1.571333e-01
1.672800e+01  1.541322e-01
1.673600e+01  1.511290e-01
1.674400e+01  1.481242e-01
1.675200e+01  1.451185e-01
1.676000e+01  1.421124e-01
1.676800e+01  1.391067e-01
1.677600e+01  1.361019e-01
1.678400e+01  1.330987e-01
1.679200e+01  1.300976e-01
1.680000e+01  1.270992e-01
1.680800e+01  1.241042e-01
1.681600e+01  1.211131e-01
1.682400e+01  1.181266e-01
1.683200e+01  1.151451e-01
1.684000e+01  1.121694e-01
1.684800e+01  1.091999e-01
1.685600e+01  1.062372e-01
1.686400e+01  1.032819e-01
1.687200e+01  1.003345e-01
1.688000e+01  9.739561e-02
1.688800e+01  9.446574e-02
1.689600e+01  9.154543e-02
1.690400e+01  8.863522e-02
1.691200e+01  8.573563e-02
1.692000e+01  8.284717e-02
1.692800e+01  7.997036e-02
1.693600e+01  7.710571e-02
1.694400e+01  7.425372e-02
1.695200e+01  7.141487e-02
1.696000e+01  6.858967e-02
1.696800e+01  6.577858e-02
1.697600e+01  6.298208e-02
1.698400e+01  6.020064e-02
1.699200e+01  5.743471e-02
1.700000e+01  5.468476e-02
1.700800e+01  5.195122e-02
1.701600e+01  4.923454e-02
1.702400e+01  4.653514e-02
1.703200e+01  4.385346e-02
1.704000e+01  4.118992e-02
1.704800e+01  3.854491e-02
1.705600e+01  3.591884e-02
1.706400e+01  3.331212e-02
1.707200e+01  3.072513e-02
1.708000e+01  2.815825e-02
1.708800e+01  2.561185e-02
1.709600e+01  2.308630e-02
1.710400e+01  2.058196e-02
1.711200e+01  1.809919e-02
1.712000e+01  1.563831e-02
1.712800e+01  1.319968e-02
1.713600e+01  1.078361e-02
1.714400e+01  8.390436e-03
1.715200e+01  6.020461e-03
1.716000e+01  3.673993e-03
1.716800e+01  1.351328e-03
1.717600e+01  -9.472434e-04
1.718400e+01  -3.221440e-03
1.719200e+01  -5.470987e-03
1.720000e+01  -7.695619e-03
1.720800e+01  -9.895078e-03
1.721600e+01  -1.206911e-02
1.722400e+01  -1.421748e-02
1.723200e+01  -1.633995e-02
1.724000e+01  -1.843629e-02
1.724800e+01  -2.050629e-02
1.725600e+01  -2.254972e-02
1.726400e+01  -2.456640e-02
1.727200e+01  -2.655612e-02
1.728000e+01  -2.851870e-02
1.728800e+01  -3.045395e-02
1.729600e+01  -3.236171e-02
1.730400e+01  -3.424182e-02
1.731200e+01  -3.609411e-02
1.732000e+01  -3.791843e-02
1.732800e+01  -3.971466e-02
1.733600e+01  -4.148265e-02
1.734400e+01  -4.322228e-02
1.735200e+01  -4.493343e-02
1.736000e+01  -4.661600e-02
1.736800e+01  -4.826987e-02
1.737600e+01  -4.989497e-02
1.738400e+01  -5.149120e-02
1.739200e+01  -5.305848e-02
1.740000e+01  -5.459674e-02
1.740800e+01  -5.610592e-02
1.741600e+01  -5.758596e-02
1.742400e+01  -5.903681e-02
1.743200e+01  -6.045843e-02
1.744000e+01  -6.185079e-02
1.744800e+01  -6.321387e-02
1.745600e+01  -6.454763e-02
1.746400e+01  -6.585207e-02
1.747200e+01  -6.712719e-02
1.748000e+01  -6.837298e-02
1.748800e+01  -6.958946e-02
1.749600e+01  -7.077664e-02
1.750400e+01  -7.193455e-02
1.751200e+01  -7.306321e-02
1.752000e+01  -7.416267e-02
1.752800e+01  -7.523296e-02
1.753600e+01  -7.627415e-02
1.754400e+01  -7.728627e-02
1.755200e+01  -7.826941e-02
1.756000e+01  -7.922363e-02
1.756800e+01  -8.014901e-02
1.757600e+01  -8.104562e-02
1.758400e+01  -8.191357e-02
1.759200e+01  -8.275295e-02
1.760000e+01  -8.356386e-02
1.760800e+01  -8.434640e-02
1.761600e+01  -8.510070e-02
1.762400e+01  -8.582688e-02
1.763200e+01  -8.652506e-02
1.764000e+01  -8.719537e-02
1.764800e+01  -8.783795e-02
1.765600e+01  -8.845296e-02
1.766400e+01  -8.904053e-02
1.767200e+01  -8.960082e-02
1.768000e+01  -9.013400e-02
1.768800e+01  -9.064023e-02
1.769600e+01  -9.111968e-02
1.770400e+01  -9.157253e-02
1.771200e+01  -9.199897e-02
1.772000e+01  -9.239917e-02
1.772800e+01  -9.277333e-02
1.773600e+01  -9.312165e-02
1.774400e+01  -9.344433e-02
1.775200e+01  -9.374157e-02
1.776000e+01  -9.401360e-02
1.776800e+01  -9.426061e-02
1.777600e+01  -9.448284e-02
1.778400e+01  -9.468051e-02
1.779200e+01  -9.485384e-02
1.780000e+01  -9.500308e-02
1.780800e+01  -9.512845e-02
1.781600e+01  -9.523020e-02
1.782400e+01  -9.530857e-02
1.783200e+01  -9.536382e-02
1.784000e+01  -9.539619e-02
1.784800e+01  -9.540594e-02
1.785600e+01  -9.539333e-02
1.786400e+01  -9.535862e-02
1.787200e+01  -9.530209e-02
1.788000e+01  -9.522399e-02
1.788800e+01  -9.512461e-02
1.789600e+01  -9.500421e-02
1.790400e+01  -9.486308e-02
1.791200e+01  -9.470150e-02
1.792000e+01  -9.451976e-02
1.792800e+01  -9.431813e-02
1.793600e+01  -9.409691e-02
1.794400e+01  -9.385639e-02
1.795200e+01  -9.359687e-02
1.796000e+01  -9.331864e-02
1.796800e+01  -9.302200e-02
1.797600e+01  -9.270725e-02
1.798400e+01  -9.237470e-02
1.799200e+01  -9.202465e-02
1.800000e+01  -9.165740e-02
1.800800e+01  -9.127326e-02
1.801600e+01  -9.087255e-02
1.802400e+01  -9.045557e-02
1.803200e+01  -9.002263e-02
1.804000e+01  -8.957406e-02
1.804800e+01  -8.911016e-02
1.805600e+01  -8.863125e-02
1.806400e+01  -8.813765e-02
1.807200e+01  -8.762968e-02
1.808000e+01  -8.710765e-02
1.808800e+01  -8.657188e-02
1.809600e+01  -8.602269e-02
1.810400e+01  -8.546041e-02
1.811200e+01  -8.488535e-02
1.812000e+01  -8.429784e-02
1.812800e+01  -8.369819e-02
1.813600e+01  -8.308673e-02
1.814400e+01  -8.246378e-02
1.815200e+01  -8.182967e-02
1.816000e+01  -8.118470e-02
1.816800e+01  -8.052920e-02
1.817600e+01  -7.986350e-02
1.818400e+01  -7.918792e-02
1.819200e+01  -7.850277e-02
1.820000e+01  -7.780836e-02
1.820800e+01  -7.710504e-02
1.821600e+01  -7.639310e-02
1.822400e+01  -7.567286e-02
1.823200e+01  -7.494465e-02
1.824000e+01  -7.420877e-02
1.824800e+01  -7.346555e-02
1.825600e+01  -7.271528e-02
1.826400e+01  -7.195829e-02
1.827200e+01  -7.119489e-02
1.828000e+01  -7.042537e-02
1.828800e+01  -6.965006e-02
1.829600e+01  -6.886925e-02
1.830400e+01  -6.808325e-02
1.831200e+01  -6.729235e-02
1.832000e+01  -6.649687e-02
1.832800e+01  -6.569710e-02
1.833600e+01  -6.489333e-02
1.834400e+01  -6.408586e-02
1.835200e+01  -6.327499e-02
1.836000e+01  -6.246099e-02
1.836800e+01  -6.164416e-02
1.837600e+01  -6.082479e-02
1.838400e+01  -6.000315e-02
1.839200e+01  -5.917953e-02
1.840000e+01  -5.835420e-02
1.840800e+01  -5.752745e-02
1.841600e+01  -5.669954e-02
1.842400e+01  -5.587074e-02
1.843200e+01  -5.504132e-02
1.844000e+01  -5.421155e-02
1.844800e+01  -5.338168e-02
1.845600e+01  -5.255198e-02
1.846400e+01  -5.172269e-02
1.847200e+01  -5.089408e-02
1.848000e+01  -5.006640e-02
1.848800e+01  -4.923988e-02
1.849600e+01  -4.841477e-02
1.850400e+01  -4.759131e-02
1.851200e+01  -4.676974e-02
1.852000e+01  -4.595029e-02
1.852800e+01  -4.513319e-02
1.853600e+01  -4.431867e-02
1.854400e+01  -4.350694e-02
1.855200e+01  -4.269824e-02
1.856000e+01  -4.189276e-02
1.856800e+01  -4.109074e-02
1.857600e+01  -4.029236e-02
1.858400e+01  -3.949785e-02
1.859200e+01  -3.870740e-02
1.860000e+01  -3.792120e-02
1.860800e+01  -3.713946e-02
1.861600e+01  -3.636235e-02
1.862400e+01  -3.559007e-02
1.863200e+01  -3.482280e-02
1.864000e+01  -3.406071e-02
1.864800e+01  -3.330399e-02
1.865600e+01  -3.255279e-02
1.866400e+01  -3.180730e-02
1.867200e+01  -3.106766e-02
1.868000e+01  -3.033403e-02
1.868800e+01  -2.960658e-02
1.869600e+01  -2.888545e-02
1.870400e+01  -2.817079e-02
1.871200e+01  -2.746274e-02
1.872000e+01  -2.676143e-02
1.872800e+01  -2.606701e-02
1.873600e+01  -2.537960e-02
1.874400e+01  -2.469932e-02
1.875200e+01  -2.402630e-02
1.876000e+01  -2.336066e-02
1.876800e+01  -2.270250e-02
1.877600e+01  -2.205195e-02
1.878400e+01  -2.140910e-02
1.879200e+01  -2.077405e-02
1.880000e+01  -2.014690e-02
1.880800e+01  -1.952774e-02
1.881600e+01  -1.891667e-02
1.882400e+01  -1.831376e-02
1.883200e+01  -1.771910e-02
1.884000e+01  -1.713275e-02
1.884800e+01  -1.655481e-02
1.885600e+01  -1.598532e-02
1.886400e+01  -1.542437e-02
1.887200e+01  -1.487199e-02
1.888000e+01  -1.432826e-02
1.888800e+01  -1.379322e-02
1.889600e+01  -1.326693e-02
1.890400e+01  -1.274941e-02
1.891200e+01  -1.224072e-02
1.892000e+01  -1.174089e-02
1.892800e+01  -1.124995e-02
1.893600e+01  -1.076793e-02
1.894400e+01  -1.029486e-02
1.895200e+01  -9.830745e-03
1.896000e+01  -9.375612e-03
1.896800e+01  -8.929470e-03
1.897600e+01  -8.492329e-03
1.898400e+01  -8.064193e-03
1.899200e+01  -7.645064e-03
1.900000e+01  -7.234938e-03
1.900800e+01  -6.833810e-03
1.901600e+01  -6.441671e-03
1.902400e+01  -6.058505e-03
1.903200e+01  -5.684297e-03
1.904000e+01  -5.319025e-03
1.904800e+01  -4.962666e-03
1.905600e+01  -4.615193e-03
1.906400e+01  -4.276574e-03
1.907200e+01  -3.946775e-03
1.908000e+01  -3.625759e-03
1.908800e+01  -3.313484e-03
1.909600e+01  -3.009908e-03
1.910400e+01  -2.714981e-03
1.911200e+01  -2.428655e-03
1.912000e+01  -2.150876e-03
1.912800e+01  -1.881586e-03
1.913600e+01  -1.620727e-03
1.914400e+01  -1.368236e-03
1.915200e+01  -1.124048e-03
1.916000e+01  -8.880937e-04
1.916800e+01  -6.603029e-04
1.917600e+01  -4.406016e-04
1.918400e+01  -2.289132e-04
1.919200e+01  -2.515860e-05
1.920000e+01  1.707439e-04
1.920800e+01  3.588785e-04
1.921600e+01  5.393321e-04
1.922400e+01  7.121937e-04
1.923200e+01  8.775550e-04
1.924000e+01  1.035510e-03
1.924800e+01  1.186154e-03
1.925600e+01  1.329586e-03
1.926400e+01  1.465906e-03
1.927200e+01  1.595217e-03
1.928000e+01  1.717623e-03
1.928800e+01  1.833231e-03
1.929600e+01  1.942148e-03
1.930400e+01  2.044486e-03
1.931200e+01  2.140356e-03
1.932000e+01  2.229871e-03
1.932800e+01  2.313148e-03
1.933600e+01  2.390302e-03
1.934400e+01  2.461452e-03
1.935200e+01  2.526719e-03
1.936000e+01  2.586223e-03
1.936800e+01  2.640086e-03
1.937600e+01  2.688434e-03
1.938400e+01  2.731390e-03
1.939200e+01  2.769081e-03
1.940000e+01  2.801633e-03
1.940800e+01  2.829176e-03
1.941600e+01  2.851839e-03
1.942400e+01  2.869751e-03
1.943200e+01  2.883043e-03
1.944000e+01  2.891848e-03
1.944800e+01  2.896296e-03
1.945600e+01  2.896522e-03
1.946400e+01  2.892658e-03
1.947200e+01  2.884838e-03
1.948000e+01  2.873198e-03
1.948800e+01  2.857870e-03
1.949600e+01  2.838992e-03
1.950400e+01  2.816697e-03
1.951200e+01  2.791121e-03
1.952000e+01  2.762399e-03
1.952800e+01  2.730668e-03
1.953600e+01  2.696062e-03
1.954400e+01  2.658716e-03
1.955200e+01  2.618767e-03
1.956000e+01  2.576349e-03
1.956800e+01  2.531597e-03
1.957600e+01  2.484644e-03
1.958400e+01  2.435626e-03
1.959200e+01  2.384675e-03
1.960000e+01  2.331924e-03
1.960800e+01  2.277506e-03
1.961600e+01  2.221553e-03
1.962400e+01  2.164194e-03
1.963200e+01  2.105561e-03
1.964000e+01  2.045783e-03
1.964800e+01  1.984988e-03
1.965600e+01  1.923304e-03
1.966400e+01  1.860857e-03
1.967200e+01  1.797772e-03
1.968000e+01  1.734174e-03
1.968800e+01  1.670186e-03
1.969600e+01  1.605929e-03
1.970400e+01  1.541525e-03
1.971200e+01  1.477092e-03
1.972000e+01  1.412748e-03
1.972800e+01  1.348610e-03
1.973600e+01  1.284792e-03
1.974400e+01  1.221407e-03
1.975200e+01  1.158567e-03
1.976000e+01  1.096383e-03
1.976800e+01  1.034962e-03
1.977600e+01  9.744101e-04
1.978400e+01  9.148330e-04
1.979200e+01  8.563332e-04
1.980000e+01  7.990116e-04
1.980800e+01  7.429671e-04
1.981600e+01  6.882966e-04
1.982400e+01  6.350952e-04
1.983200e+01  5.834556e-04
1.984000e+01  5.334685e-04
1.984800e+01  4.852225e-04
1.985600e+01  4.388038e-04
1.986400e+01  3.942967e-04
1.987200e+01  3.517829e-04
1.988000e+01  3.113419e-04
1.988800e+01  2.730508e-04
1.989600e+01  2.369843e-04
1.990400e+01  2.032147e-04
1.991200e+01  1.718119e-04
1.992000e+01  1.428432e-04
1.992800e+01  1.163733e-04
1.993600e+01  9.246468e-05
1.994400e+01  7.117683e-05
1.995200e+01  5.256683e-05
1.996000e+01  3.668910e-05
1.996800e+01  2.359535e-05
1.997600e+01  1.333463e-05
1.998400e+01  5.953241e-06
1.999200e+01  1.494763e-06
