2.200000e+01  2.026952e+02
2.200000e+01  2.026952e+02
2.300000e+01  2.026952e+02
2.300000e+01  2.026952e+02
2.400000e+01  2.026952e+02
2.400000e+01  2.026952e+02
2.500000e+01  2.006952e+02
2.500000e+01  2.006952e+02
2.600000e+01  2.006952e+02
2.600000e+01  2.006952e+02
2.700000e+01  2.006952e+02
2.700000e+01  2.006952e+02
2.800000e+01  2.006952e+02
2.800000e+01  2.006952e+02
2.900000e+01  2.006952e+02
2.900000e+01  2.006952e+02
3.000000e+01  2.006952e+02
3.000000e+01  1.986952e+02
3.100000e+01  1.986952e+02
3.100000e+01  1.986952e+02
3.200000e+01  1.986952e+02
3.200000e+01  1.986952e+02
3.300000e+01  1.986952e+02
3.300000e+01  1.986952e+02
3.400000e+01  1.986952e+02
3.400000e+01  1.986952e+02
3.500000e+01  1.986952e+02
3.500000e+01  1.966952e+02
3.600000e+01  1.986952e+02
3.600000e+01  1.966952e+02
3.700000e+01  1.966952e+02
3.700000e+01  1.966952e+02
3.800000e+01  1.966952e+02
3.800000e+01  1.966952e+02
3.900000e+01  1.966952e+02
3.900000e+01  1.966952e+02
4.000000e+01  1.966952e+02
4.000000e+01  1.946952e+02
4.100000e+01  1.966952e+02
4.100000e+01  1.946952e+02
4.200000e+01  1.966952e+02
4.200000e+01  1.946952e+02
4.300000e+01  1.946952e+02
4.300000e+01  1.946952e+02
4.400000e+01  1.946952e+02
4.400000e+01  1.946952e+02
4.500000e+01  1.946952e+02
4.500000e+01  1.926952e+02
4.600000e+01  1.946952e+02
4.600000e+01  1.926952e+02
4.700000e+01  1.946952e+02
4.700000e+01  1.926952e+02
4.800000e+01  1.946952e+02
4.800000e+01  1.926952e+02
4.900000e+01  1.926952e+02
4.900000e+01  1.926952e+02
5.000000e+01  1.926952e+02
5.000000e+01  1.906952e+02
5.100000e+01  1.926952e+02
5.100000e+01  1.906952e+02
5.200000e+01  1.926952e+02
5.200000e+01  1.906952e+02
5.300000e+01  1.926952e+02
5.300000e+01  1.906952e+02
5.400000e+01  1.926952e+02
5.400000e+01  1.886952e+02
5.500000e+01  1.906952e+02
5.500000e+01  1.886952e+02
5.600000e+01  1.906952e+02
5.600000e+01  1.886952e+02
5.700000e+01  1.906952e+02
5.700000e+01  1.886952e+02
5.800000e+01  1.906952e+02
5.800000e+01  1.866952e+02
5.900000e+01  1.906952e+02
5.900000e+01  1.866952e+02
6.000000e+01  1.886952e+02
6.000000e+01  1.866952e+02
6.100000e+01  1.886952e+02
6.100000e+01  1.866952e+02
6.200000e+01  1.886952e+02
6.200000e+01  1.866952e+02
6.300000e+01  1.886952e+02
6.300000e+01  1.846952e+02
6.400000e+01  1.886952e+02
6.400000e+01  1.846952e+02
6.500000e+01  1.886952e+02
6.500000e+01  1.846952e+02
6.600000e+01  1.866952e+02
6.600000e+01  1.846952e+02
6.700000e+01  1.866952e+02
6.700000e+01  1.826952e+02
6.800000e+01  1.866952e+02
6.800000e+01  1.826952e+02
6.900000e+01  1.866952e+02
6.900000e+01  1.826952e+02
7.000000e+01  1.866952e+02
7.000000e+01  1.806952e+02
7.100000e+01  1.846952e+02
7.100000e+01  1.806952e+02
7.200000e+01  1.846952e+02
7.200000e+01  1.806952e+02
7.300000e+01  1.846952e+02
7.300000e+01  1.806952e+02
7.400000e+01  1.846952e+02
7.400000e+01  1.786952e+02
7.500000e+01  1.846952e+02
7.500000e+01  1.786952e+02
7.600000e+01  1.826952e+02
7.600000e+01  1.786952e+02
7.700000e+01  1.826952e+02
7.700000e+01  1.786952e+02
7.800000e+01  1.826952e+02
7.800000e+01  1.766952e+02
7.900000e+01  1.826952e+02
7.900000e+01  1.766952e+02
8.000000e+01  1.826952e+02
8.000000e+01  1.766952e+02
