0.000000e+00  0.000000e+00
2.500000e-02  0.000000e+00
5.000000e-02  0.000000e+00
7.500000e-02  0.000000e+00
1.000000e-01  0.000000e+00
1.250000e-01  0.000000e+00
1.500000e-01  0.000000e+00
1.750000e-01  0.000000e+00
2.000000e-01  0.000000e+00
2.250000e-01  0.000000e+00
2.500000e-01  0.000000e+00
2.750000e-01  0.000000e+00
3.000000e-01  0.000000e+00
3.250000e-01  0.000000e+00
3.500000e-01  0.000000e+00
3.750000e-01  0.000000e+00
4.000000e-01  0.000000e+00
4.250000e-01  0.000000e+00
4.500000e-01  0.000000e+00
4.750000e-01  0.000000e+00
5.000000e-01  0.000000e+00
5.250000e-01  0.000000e+00
5.500000e-01  0.000000e+00
5.750000e-01  0.000000e+00
6.000000e-01  0.000000e+00
6.250000e-01  0.000000e+00
6.500000e-01  0.000000e+00
6.750000e-01  0.000000e+00
7.000000e-01  0.000000e+00
7.250000e-01  0.000000e+00
7.500000e-01  0.000000e+00
7.750000e-01  0.000000e+00
8.000000e-01  0.000000e+00
8.250000e-01  0.000000e+00
8.500000e-01  0.000000e+00
8.750000e-01  0.000000e+00
9.000000e-01  0.000000e+00
9.250000e-01  0.000000e+00
9.500000e-01  0.000000e+00
9.750000e-01  0.000000e+00
1.000000e+00  0.000000e+00
1.025000e+00  0.000000e+00
1.050000e+00  0.000000e+00
1.075000e+00  0.000000e+00
1.100000e+00  0.000000e+00
1.125000e+00  0.000000e+00
1.150000e+00  0.000000e+00
1.175000e+00  0.000000e+00
1.200000e+00  0.000000e+00
1.225000e+00  0.000000e+00
1.250000e+00  0.000000e+00
1.275000e+00  0.000000e+00
1.300000e+00  0.000000e+00
1.325000e+00  0.000000e+00
1.350000e+00  0.000000e+00
1.375000e+00  0.000000e+00
1.400000e+00  0.000000e+00
1.425000e+00  0.000000e+00
1.450000e+00  0.000000e+00
1.475000e+00  0.000000e+00
1.500000e+00  0.000000e+00
1.525000e+00  0.000000e+00
1.550000e+00  0.000000e+00
1.575000e+00  0.000000e+00
1.600000e+00  0.000000e+00
1.625000e+00  0.000000e+00
1.650000e+00  0.000000e+00
1.675000e+00  0.000000e+00
1.700000e+00  0.000000e+00
1.725000e+00  0.000000e+00
1.750000e+00  0.000000e+00
1.775000e+00  0.000000e+00
1.800000e+00  0.000000e+00
1.825000e+00  0.000000e+00
1.850000e+00  0.000000e+00
1.875000e+00  0.000000e+00
1.900000e+00  0.000000e+00
1.925000e+00  0.000000e+00
1.950000e+00  0.000000e+00
1.975000e+00  0.000000e+00
2.000000e+00  0.000000e+00
2.025000e+00  0.000000e+00
2.050000e+00  0.000000e+00
2.075000e+00  0.000000e+00
2.100000e+00  0.000000e+00
2.125000e+00  0.000000e+00
2.150000e+00  0.000000e+00
2.175000e+00  0.000000e+00
2.200000e+00  0.000000e+00
2.225000e+00  0.000000e+00
2.250000e+00  0.000000e+00
2.275000e+00  0.000000e+00
2.300000e+00  0.000000e+00
2.325000e+00  0.000000e+00
2.350000e+00  0.000000e+00
2.375000e+00  0.000000e+00
2.400000e+00  0.000000e+00
2.425000e+00  0.000000e+00
2.450000e+00  0.000000e+00
2.475000e+00  0.000000e+00
2.500000e+00  0.000000e+00
2.525000e+00  0.000000e+00
2.550000e+00  0.000000e+00
2.575000e+00  0.000000e+00
2.600000e+00  0.000000e+00
2.625000e+00  0.000000e+00
2.650000e+00  0.000000e+00
2.675000e+00  0.000000e+00
2.700000e+00  0.000000e+00
2.725000e+00  0.000000e+00
2.750000e+00  0.000000e+00
2.775000e+00  0.000000e+00
2.800000e+00  0.000000e+00
2.825000e+00  0.000000e+00
2.850000e+00  0.000000e+00
2.875000e+00  0.000000e+00
2.900000e+00  0.000000e+00
2.925000e+00  0.000000e+00
2.950000e+00  0.000000e+00
2.975000e+00  0.000000e+00
3.000000e+00  0.000000e+00
3.025000e+00  0.000000e+00
3.050000e+00  0.000000e+00
3.075000e+00  0.000000e+00
3.100000e+00  0.000000e+00
3.125000e+00  0.000000e+00
3.150000e+00  0.000000e+00
3.175000e+00  0.000000e+00
3.200000e+00  0.000000e+00
3.225000e+00  0.000000e+00
3.250000e+00  0.000000e+00
3.275000e+00  0.000000e+00
3.300000e+00  0.000000e+00
3.325000e+00  0.000000e+00
3.350000e+00  0.000000e+00
3.375000e+00  0.000000e+00
3.400000e+00  0.000000e+00
3.425000e+00  0.000000e+00
3.450000e+00  0.000000e+00
3.475000e+00  0.000000e+00
3.500000e+00  0.000000e+00
3.525000e+00  0.000000e+00
3.550000e+00  0.000000e+00
3.575000e+00  0.000000e+00
3.600000e+00  0.000000e+00
3.625000e+00  0.000000e+00
3.650000e+00  0.000000e+00
3.675000e+00  0.000000e+00
3.700000e+00  0.000000e+00
3.725000e+00  0.000000e+00
3.750000e+00  0.000000e+00
3.775000e+00  0.000000e+00
3.800000e+00  0.000000e+00
3.825000e+00  0.000000e+00
3.850000e+00  0.000000e+00
3.875000e+00  0.000000e+00
3.900000e+00  0.000000e+00
3.925000e+00  0.000000e+00
3.950000e+00  0.000000e+00
3.975000e+00  0.000000e+00
4.000000e+00  0.000000e+00
4.025000e+00  0.000000e+00
4.050000e+00  0.000000e+00
4.075000e+00  0.000000e+00
4.100000e+00  0.000000e+00
4.125000e+00  0.000000e+00
4.150000e+00  0.000000e+00
4.175000e+00  0.000000e+00
4.200000e+00  0.000000e+00
4.225000e+00  0.000000e+00
4.250000e+00  0.000000e+00
4.275000e+00  0.000000e+00
4.300000e+00  0.000000e+00
4.325000e+00  0.000000e+00
4.350000e+00  0.000000e+00
4.375000e+00  0.000000e+00
4.400000e+00  0.000000e+00
4.425000e+00  0.000000e+00
4.450000e+00  0.000000e+00
4.475000e+00  0.000000e+00
4.500000e+00  0.000000e+00
4.525000e+00  0.000000e+00
4.550000e+00  0.000000e+00
4.575000e+00  0.000000e+00
4.600000e+00  0.000000e+00
4.625000e+00  0.000000e+00
4.650000e+00  0.000000e+00
4.675000e+00  0.000000e+00
4.700000e+00  0.000000e+00
4.725000e+00  0.000000e+00
4.750000e+00  0.000000e+00
4.775000e+00  0.000000e+00
4.800000e+00  0.000000e+00
4.825000e+00  0.000000e+00
4.850000e+00  0.000000e+00
4.875000e+00  0.000000e+00
4.900000e+00  0.000000e+00
4.925000e+00  0.000000e+00
4.950000e+00  0.000000e+00
4.975000e+00  0.000000e+00
5.000000e+00  0.000000e+00
5.025000e+00  0.000000e+00
5.050000e+00  0.000000e+00
5.075000e+00  0.000000e+00
5.100000e+00  0.000000e+00
5.125000e+00  0.000000e+00
5.150000e+00  0.000000e+00
5.175000e+00  0.000000e+00
5.200000e+00  0.000000e+00
5.225000e+00  0.000000e+00
5.250000e+00  0.000000e+00
5.275000e+00  0.000000e+00
5.300000e+00  0.000000e+00
5.325000e+00  0.000000e+00
5.350000e+00  0.000000e+00
5.375000e+00  0.000000e+00
5.400000e+00  0.000000e+00
5.425000e+00  0.000000e+00
5.450000e+00  0.000000e+00
5.475000e+00  0.000000e+00
5.500000e+00  0.000000e+00
5.525000e+00  0.000000e+00
5.550000e+00  0.000000e+00
5.575000e+00  0.000000e+00
5.600000e+00  0.000000e+00
5.625000e+00  0.000000e+00
5.650000e+00  0.000000e+00
5.675000e+00  0.000000e+00
5.700000e+00  0.000000e+00
5.725000e+00  0.000000e+00
5.750000e+00  0.000000e+00
5.775000e+00  0.000000e+00
5.800000e+00  0.000000e+00
5.825000e+00  0.000000e+00
5.850000e+00  0.000000e+00
5.875000e+00  0.000000e+00
5.900000e+00  0.000000e+00
5.925000e+00  0.000000e+00
5.950000e+00  0.000000e+00
5.975000e+00  0.000000e+00
6.000000e+00  0.000000e+00
6.025000e+00  0.000000e+00
6.050000e+00  0.000000e+00
6.075000e+00  0.000000e+00
6.100000e+00  0.000000e+00
6.125000e+00  0.000000e+00
6.150000e+00  0.000000e+00
6.175000e+00  0.000000e+00
6.200000e+00  0.000000e+00
6.225000e+00  0.000000e+00
6.250000e+00  0.000000e+00
6.275000e+00  0.000000e+00
6.300000e+00  3.362859e-01
6.325000e+00  8.361720e-01
6.350000e+00  1.335797e+00
6.375000e+00  1.835004e+00
6.400000e+00  2.333638e+00
6.425000e+00  2.831544e+00
6.450000e+00  3.328564e+00
6.475000e+00  3.824546e+00
6.500000e+00  4.319334e+00
6.525000e+00  4.812773e+00
6.550000e+00  5.304711e+00
6.575000e+00  5.794995e+00
6.600000e+00  6.283472e+00
6.625000e+00  6.769991e+00
6.650000e+00  7.254402e+00
6.675000e+00  7.736554e+00
6.700000e+00  8.216299e+00
6.725000e+00  8.693489e+00
6.750000e+00  9.167977e+00
6.775000e+00  9.639617e+00
6.800000e+00  1.010827e+01
6.825000e+00  1.057378e+01
6.850000e+00  1.103602e+01
6.875000e+00  1.149484e+01
6.900000e+00  1.195010e+01
6.925000e+00  1.240167e+01
6.950000e+00  1.284940e+01
6.975000e+00  1.329318e+01
7.000000e+00  1.373285e+01
7.025000e+00  1.416830e+01
7.050000e+00  1.459938e+01
7.075000e+00  1.502599e+01
7.100000e+00  1.544798e+01
7.125000e+00  1.586523e+01
7.150000e+00  1.627762e+01
7.175000e+00  1.668504e+01
7.200000e+00  1.708737e+01
7.225000e+00  1.748448e+01
7.250000e+00  1.787626e+01
7.275000e+00  1.826261e+01
7.300000e+00  1.864342e+01
7.325000e+00  1.901857e+01
7.350000e+00  1.938796e+01
7.375000e+00  1.975150e+01
7.400000e+00  2.010907e+01
7.425000e+00  2.046059e+01
7.450000e+00  2.080596e+01
7.475000e+00  2.114508e+01
7.500000e+00  2.147787e+01
7.525000e+00  2.180424e+01
7.550000e+00  2.212410e+01
7.575000e+00  2.243737e+01
7.600000e+00  2.274398e+01
7.625000e+00  2.304384e+01
7.650000e+00  2.333689e+01
7.675000e+00  2.362304e+01
7.700000e+00  2.390224e+01
7.725000e+00  2.417442e+01
7.750000e+00  2.443951e+01
7.775000e+00  2.469745e+01
7.800000e+00  2.494819e+01
7.825000e+00  2.519168e+01
7.850000e+00  2.542785e+01
7.875000e+00  2.565668e+01
7.900000e+00  2.587810e+01
7.925000e+00  2.609207e+01
7.950000e+00  2.629857e+01
7.975000e+00  2.649754e+01
8.000000e+00  2.668896e+01
8.025000e+00  2.687280e+01
8.050000e+00  2.704903e+01
8.075000e+00  2.721762e+01
8.100000e+00  2.737856e+01
8.125000e+00  2.753182e+01
8.150000e+00  2.767739e+01
8.175000e+00  2.781526e+01
8.200000e+00  2.794542e+01
8.225000e+00  2.806786e+01
8.250000e+00  2.818258e+01
8.275000e+00  2.828958e+01
8.300000e+00  2.838886e+01
8.325000e+00  2.848043e+01
8.350000e+00  2.856429e+01
8.375000e+00  2.864047e+01
8.400000e+00  2.870896e+01
8.425000e+00  2.876979e+01
8.450000e+00  2.882299e+01
8.475000e+00  2.886857e+01
8.500000e+00  2.890656e+01
8.525000e+00  2.893698e+01
8.550000e+00  2.895988e+01
8.575000e+00  2.897529e+01
8.600000e+00  2.898324e+01
8.625000e+00  2.898378e+01
8.650000e+00  2.897694e+01
8.675000e+00  2.896278e+01
8.700000e+00  2.894134e+01
8.725000e+00  2.891268e+01
8.750000e+00  2.887685e+01
8.775000e+00  2.883390e+01
8.800000e+00  2.878389e+01
8.825000e+00  2.872689e+01
8.850000e+00  2.866297e+01
8.875000e+00  2.859218e+01
8.900000e+00  2.851459e+01
8.925000e+00  2.843029e+01
8.950000e+00  2.833934e+01
8.975000e+00  2.824182e+01
9.000000e+00  2.813781e+01
9.025000e+00  2.802739e+01
9.050000e+00  2.791064e+01
9.075000e+00  2.778764e+01
9.100000e+00  2.765850e+01
9.125000e+00  2.752329e+01
9.150000e+00  2.738210e+01
9.175000e+00  2.723504e+01
9.200000e+00  2.708220e+01
9.225000e+00  2.692366e+01
9.250000e+00  2.675954e+01
9.275000e+00  2.658994e+01
9.300000e+00  2.641495e+01
9.325000e+00  2.623469e+01
9.350000e+00  2.604925e+01
9.375000e+00  2.585875e+01
9.400000e+00  2.566329e+01
9.425000e+00  2.546299e+01
9.450000e+00  2.525796e+01
9.475000e+00  2.504831e+01
9.500000e+00  2.483416e+01
9.525000e+00  2.461562e+01
9.550000e+00  2.439281e+01
9.575000e+00  2.416585e+01
9.600000e+00  2.393487e+01
9.625000e+00  2.369997e+01
9.650000e+00  2.346128e+01
9.675000e+00  2.321893e+01
9.700000e+00  2.297303e+01
9.725000e+00  2.272372e+01
9.750000e+00  2.247112e+01
9.775000e+00  2.221534e+01
9.800000e+00  2.195653e+01
9.825000e+00  2.169481e+01
9.850000e+00  2.143029e+01
9.875000e+00  2.116312e+01
9.900000e+00  2.089342e+01
9.925000e+00  2.062132e+01
9.950000e+00  2.034695e+01
9.975000e+00  2.007044e+01
1.000000e+01  1.979191e+01
1.002500e+01  1.951150e+01
1.005000e+01  1.922933e+01
1.007500e+01  1.894554e+01
1.010000e+01  1.866025e+01
1.012500e+01  1.837360e+01
1.015000e+01  1.808571e+01
1.017500e+01  1.779671e+01
1.020000e+01  1.750673e+01
1.022500e+01  1.721590e+01
1.025000e+01  1.692435e+01
1.027500e+01  1.663220e+01
1.030000e+01  1.633958e+01
1.032500e+01  1.604661e+01
1.035000e+01  1.575343e+01
1.037500e+01  1.546016e+01
1.040000e+01  1.516691e+01
1.042500e+01  1.487382e+01
1.045000e+01  1.458101e+01
1.047500e+01  1.428859e+01
1.050000e+01  1.399670e+01
1.052500e+01  1.370544e+01
1.055000e+01  1.341494e+01
1.057500e+01  1.312531e+01
1.060000e+01  1.283667e+01
1.062500e+01  1.254914e+01
1.065000e+01  1.226282e+01
1.067500e+01  1.197784e+01
1.070000e+01  1.169430e+01
1.072500e+01  1.141232e+01
1.075000e+01  1.113199e+01
1.077500e+01  1.085343e+01
1.080000e+01  1.057674e+01
1.082500e+01  1.030203e+01
1.085000e+01  1.002940e+01
1.087500e+01  9.758951e+00
1.090000e+01  9.490776e+00
1.092500e+01  9.224976e+00
1.095000e+01  8.961646e+00
1.097500e+01  8.700879e+00
1.100000e+01  8.442768e+00
1.102500e+01  8.187402e+00
1.105000e+01  7.934868e+00
1.107500e+01  7.685254e+00
1.110000e+01  7.438642e+00
1.112500e+01  7.195115e+00
1.115000e+01  6.954753e+00
1.117500e+01  6.717634e+00
1.120000e+01  6.483833e+00
1.122500e+01  6.253425e+00
1.125000e+01  6.026481e+00
1.127500e+01  5.803071e+00
1.130000e+01  5.583261e+00
1.132500e+01  5.367118e+00
1.135000e+01  5.154703e+00
1.137500e+01  4.946079e+00
1.140000e+01  4.741302e+00
1.142500e+01  4.540430e+00
1.145000e+01  4.343516e+00
1.147500e+01  4.150613e+00
1.150000e+01  3.961768e+00
1.152500e+01  3.777030e+00
1.155000e+01  3.596442e+00
1.157500e+01  3.420048e+00
1.160000e+01  3.247887e+00
1.162500e+01  3.079997e+00
1.165000e+01  2.916414e+00
1.167500e+01  2.757169e+00
1.170000e+01  2.602294e+00
1.172500e+01  2.451818e+00
1.175000e+01  2.305765e+00
1.177500e+01  2.164159e+00
1.180000e+01  2.027021e+00
1.182500e+01  1.894371e+00
1.185000e+01  1.766224e+00
1.187500e+01  1.642595e+00
1.190000e+01  1.523495e+00
1.192500e+01  1.408933e+00
1.195000e+01  1.298917e+00
1.197500e+01  1.193452e+00
1.200000e+01  1.092539e+00
1.202500e+01  9.961785e-01
1.205000e+01  9.043687e-01
1.207500e+01  8.171050e-01
1.210000e+01  7.343805e-01
1.212500e+01  6.561864e-01
1.215000e+01  5.825114e-01
1.217500e+01  5.133420e-01
1.220000e+01  4.486627e-01
1.222500e+01  3.884557e-01
1.225000e+01  3.327012e-01
1.227500e+01  2.813769e-01
1.230000e+01  2.344588e-01
1.232500e+01  1.919207e-01
1.235000e+01  1.537343e-01
1.237500e+01  1.198693e-01
1.240000e+01  9.029339e-02
1.242500e+01  6.497229e-02
1.245000e+01  4.386979e-02
1.247500e+01  2.694778e-02
1.250000e+01  1.416623e-02
1.252500e+01  5.483289e-03
1.255000e+01  8.552703e-04
1.257500e+01  2.367070e-04
1.260000e+01  3.580377e-03
1.262500e+01  1.083734e-02
1.265000e+01  2.195697e-02
1.267500e+01  3.688700e-02
1.270000e+01  5.557354e-02
1.272500e+01  7.796114e-02
1.275000e+01  1.039928e-01
1.277500e+01  1.336100e-01
1.280000e+01  1.667528e-01
1.282500e+01  2.033599e-01
1.285000e+01  2.433685e-01
1.287500e+01  2.867144e-01
1.290000e+01  3.333324e-01
1.292500e+01  3.831557e-01
1.295000e+01  4.361165e-01
1.297500e+01  4.921457e-01
1.300000e+01  5.511733e-01
1.302500e+01  6.131279e-01
1.305000e+01  6.779372e-01
1.307500e+01  7.455281e-01
1.310000e+01  8.158261e-01
1.312500e+01  8.887562e-01
1.315000e+01  9.642424e-01
1.317500e+01  1.042208e+00
1.320000e+01  1.122575e+00
1.322500e+01  1.205265e+00
1.325000e+01  1.290200e+00
1.327500e+01  1.377299e+00
1.330000e+01  1.466482e+00
1.332500e+01  1.557669e+00
1.335000e+01  1.650778e+00
1.337500e+01  1.745728e+00
1.340000e+01  1.842436e+00
1.342500e+01  1.940820e+00
1.345000e+01  2.040797e+00
1.347500e+01  2.142284e+00
1.350000e+01  2.245197e+00
1.352500e+01  2.349454e+00
1.355000e+01  2.454970e+00
1.357500e+01  2.561662e+00
1.360000e+01  2.669446e+00
1.362500e+01  2.778238e+00
1.365000e+01  2.887955e+00
1.367500e+01  2.998513e+00
1.370000e+01  3.109828e+00
1.372500e+01  3.221818e+00
1.375000e+01  3.334399e+00
1.377500e+01  3.447488e+00
1.380000e+01  3.561004e+00
1.382500e+01  3.674863e+00
1.385000e+01  3.788985e+00
1.387500e+01  3.903288e+00
1.390000e+01  4.017691e+00
1.392500e+01  4.132114e+00
1.395000e+01  4.246478e+00
1.397500e+01  4.360703e+00
1.400000e+01  4.474710e+00
1.402500e+01  4.588424e+00
1.405000e+01  4.701765e+00
1.407500e+01  4.814658e+00
1.410000e+01  4.927028e+00
1.412500e+01  5.038800e+00
1.415000e+01  5.149900e+00
1.417500e+01  5.260255e+00
1.420000e+01  5.369795e+00
1.422500e+01  5.478446e+00
1.425000e+01  5.586141e+00
1.427500e+01  5.692810e+00
1.430000e+01  5.798385e+00
1.432500e+01  5.902800e+00
1.435000e+01  6.005988e+00
1.437500e+01  6.107887e+00
1.440000e+01  6.208432e+00
1.442500e+01  6.307562e+00
1.445000e+01  6.405217e+00
1.447500e+01  6.501336e+00
1.450000e+01  6.595861e+00
1.452500e+01  6.688737e+00
1.455000e+01  6.779908e+00
1.457500e+01  6.869319e+00
1.460000e+01  6.956918e+00
1.462500e+01  7.042654e+00
1.465000e+01  7.126477e+00
1.467500e+01  7.208339e+00
1.470000e+01  7.288194e+00
1.472500e+01  7.365995e+00
1.475000e+01  7.441700e+00
1.477500e+01  7.515265e+00
1.480000e+01  7.586651e+00
1.482500e+01  7.655818e+00
1.485000e+01  7.722729e+00
1.487500e+01  7.787347e+00
1.490000e+01  7.849639e+00
1.492500e+01  7.909572e+00
1.495000e+01  7.967115e+00
1.497500e+01  8.022237e+00
1.500000e+01  8.074913e+00
1.502500e+01  8.125114e+00
1.505000e+01  8.172817e+00
1.507500e+01  8.217999e+00
1.510000e+01  8.260639e+00
1.512500e+01  8.300717e+00
1.515000e+01  8.338215e+00
1.517500e+01  8.373118e+00
1.520000e+01  8.405410e+00
1.522500e+01  8.435078e+00
1.525000e+01  8.462112e+00
1.527500e+01  8.486503e+00
1.530000e+01  8.508241e+00
1.532500e+01  8.527321e+00
1.535000e+01  8.543739e+00
1.537500e+01  8.557491e+00
1.540000e+01  8.568576e+00
1.542500e+01  8.576994e+00
1.545000e+01  8.582748e+00
1.547500e+01  8.585841e+00
1.550000e+01  8.586279e+00
1.552500e+01  8.584067e+00
1.555000e+01  8.579214e+00
1.557500e+01  8.571731e+00
1.560000e+01  8.561628e+00
1.562500e+01  8.548919e+00
1.565000e+01  8.533619e+00
1.567500e+01  8.515742e+00
1.570000e+01  8.495307e+00
1.572500e+01  8.472333e+00
1.575000e+01  8.446839e+00
1.577500e+01  8.418849e+00
1.580000e+01  8.388385e+00
1.582500e+01  8.355471e+00
1.585000e+01  8.320135e+00
1.587500e+01  8.282403e+00
1.590000e+01  8.242303e+00
1.592500e+01  8.199867e+00
1.595000e+01  8.155124e+00
1.597500e+01  8.108108e+00
1.600000e+01  8.058853e+00
1.602500e+01  8.007393e+00
1.605000e+01  7.953764e+00
1.607500e+01  7.898004e+00
1.610000e+01  7.840151e+00
1.612500e+01  7.780245e+00
1.615000e+01  7.718326e+00
1.617500e+01  7.654435e+00
1.620000e+01  7.588616e+00
1.622500e+01  7.520912e+00
1.625000e+01  7.451367e+00
1.627500e+01  7.380026e+00
1.630000e+01  7.306937e+00
1.632500e+01  7.232146e+00
1.635000e+01  7.155700e+00
1.637500e+01  7.077650e+00
1.640000e+01  6.998044e+00
1.642500e+01  6.916933e+00
1.645000e+01  6.834367e+00
1.647500e+01  6.750399e+00
1.650000e+01  6.665080e+00
1.652500e+01  6.578462e+00
1.655000e+01  6.490600e+00
1.657500e+01  6.401548e+00
1.660000e+01  6.311359e+00
1.662500e+01  6.220089e+00
1.665000e+01  6.127792e+00
1.667500e+01  6.034524e+00
1.670000e+01  5.940342e+00
1.672500e+01  5.845301e+00
1.675000e+01  5.749458e+00
1.677500e+01  5.652870e+00
1.680000e+01  5.555593e+00
1.682500e+01  5.457686e+00
1.685000e+01  5.359204e+00
1.687500e+01  5.260207e+00
1.690000e+01  5.160750e+00
1.692500e+01  5.060893e+00
1.695000e+01  4.960691e+00
1.697500e+01  4.860203e+00
1.700000e+01  4.759486e+00
1.702500e+01  4.658598e+00
1.705000e+01  4.557595e+00
1.707500e+01  4.456535e+00
1.710000e+01  4.355475e+00
1.712500e+01  4.254470e+00
1.715000e+01  4.153578e+00
1.717500e+01  4.052855e+00
1.720000e+01  3.952355e+00
1.722500e+01  3.852135e+00
1.725000e+01  3.752250e+00
1.727500e+01  3.652753e+00
1.730000e+01  3.553699e+00
1.732500e+01  3.455142e+00
1.735000e+01  3.357135e+00
1.737500e+01  3.259730e+00
1.740000e+01  3.162979e+00
1.742500e+01  3.066934e+00
1.745000e+01  2.971645e+00
1.747500e+01  2.877162e+00
1.750000e+01  2.783535e+00
1.752500e+01  2.690813e+00
1.755000e+01  2.599043e+00
1.757500e+01  2.508272e+00
1.760000e+01  2.418547e+00
1.762500e+01  2.329914e+00
1.765000e+01  2.242417e+00
1.767500e+01  2.156100e+00
1.770000e+01  2.071006e+00
1.772500e+01  1.987177e+00
1.775000e+01  1.904655e+00
1.777500e+01  1.823479e+00
1.780000e+01  1.743690e+00
1.782500e+01  1.665324e+00
1.785000e+01  1.588420e+00
1.787500e+01  1.513014e+00
1.790000e+01  1.439141e+00
1.792500e+01  1.366834e+00
1.795000e+01  1.296128e+00
1.797500e+01  1.227055e+00
1.800000e+01  1.159644e+00
1.802500e+01  1.093926e+00
1.805000e+01  1.029930e+00
1.807500e+01  9.676825e-01
1.810000e+01  9.072106e-01
1.812500e+01  8.485394e-01
1.815000e+01  7.916928e-01
1.817500e+01  7.366937e-01
1.820000e+01  6.835636e-01
1.822500e+01  6.323231e-01
1.825000e+01  5.829913e-01
1.827500e+01  5.355862e-01
1.830000e+01  4.901247e-01
1.832500e+01  4.466223e-01
1.835000e+01  4.050932e-01
1.837500e+01  3.655507e-01
1.840000e+01  3.280064e-01
1.842500e+01  2.924711e-01
1.845000e+01  2.589541e-01
1.847500e+01  2.274635e-01
1.850000e+01  1.980061e-01
1.852500e+01  1.705877e-01
1.855000e+01  1.452125e-01
1.857500e+01  1.218837e-01
1.860000e+01  1.006033e-01
1.862500e+01  8.137187e-02
1.865000e+01  6.418886e-02
1.867500e+01  4.905251e-02
1.870000e+01  3.595981e-02
1.872500e+01  2.490654e-02
1.875000e+01  1.588729e-02
1.877500e+01  8.895443e-03
1.880000e+01  3.923182e-03
1.882500e+01  9.615243e-04
1.885000e+01  3.138515e-07
1.887500e+01  1.028233e-03
1.890000e+01  4.032817e-03
1.892500e+01  9.000464e-03
1.895000e+01  1.591645e-02
1.897500e+01  2.476492e-02
1.900000e+01  3.552897e-02
1.902500e+01  4.819055e-02
1.905000e+01  6.273058e-02
1.907500e+01  7.912893e-02
1.910000e+01  9.736441e-02
1.912500e+01  1.174148e-01
1.915000e+01  1.392570e-01
1.917500e+01  1.628666e-01
1.920000e+01  1.882187e-01
1.922500e+01  2.152870e-01
1.925000e+01  2.440446e-01
1.927500e+01  2.744635e-01
1.930000e+01  3.065148e-01
1.932500e+01  3.401688e-01
1.935000e+01  3.753950e-01
1.937500e+01  4.121620e-01
1.940000e+01  4.504376e-01
1.942500e+01  4.901889e-01
1.945000e+01  5.313820e-01
1.947500e+01  5.739826e-01
1.950000e+01  6.179553e-01
1.952500e+01  6.632645e-01
1.955000e+01  7.098734e-01
1.957500e+01  7.577449e-01
1.960000e+01  8.068413e-01
1.962500e+01  8.571241e-01
1.965000e+01  9.085543e-01
1.967500e+01  9.610924e-01
1.970000e+01  1.014699e+00
1.972500e+01  1.069332e+00
1.975000e+01  1.124952e+00
1.977500e+01  1.181517e+00
1.980000e+01  1.238985e+00
1.982500e+01  1.297314e+00
1.985000e+01  1.356461e+00
1.987500e+01  1.416384e+00
1.990000e+01  1.477039e+00
1.992500e+01  1.538383e+00
1.995000e+01  1.600372e+00
1.997500e+01  1.662962e+00
2.000000e+01  1.726109e+00
2.002500e+01  1.789769e+00
2.005000e+01  1.853896e+00
2.007500e+01  1.918448e+00
2.010000e+01  1.983378e+00
2.012500e+01  2.048642e+00
2.015000e+01  2.114196e+00
2.017500e+01  2.179994e+00
2.020000e+01  2.245993e+00
2.022500e+01  2.312146e+00
2.025000e+01  2.378411e+00
2.027500e+01  2.444741e+00
2.030000e+01  2.511093e+00
2.032500e+01  2.577422e+00
2.035000e+01  2.643685e+00
2.037500e+01  2.709838e+00
2.040000e+01  2.775836e+00
2.042500e+01  2.841637e+00
2.045000e+01  2.907198e+00
2.047500e+01  2.972476e+00
2.050000e+01  3.037427e+00
2.052500e+01  3.102012e+00
2.055000e+01  3.166186e+00
2.057500e+01  3.229911e+00
2.060000e+01  3.293143e+00
2.062500e+01  3.355844e+00
2.065000e+01  3.417973e+00
2.067500e+01  3.479490e+00
2.070000e+01  3.540358e+00
2.072500e+01  3.600537e+00
2.075000e+01  3.659990e+00
2.077500e+01  3.718679e+00
2.080000e+01  3.776568e+00
2.082500e+01  3.833621e+00
2.085000e+01  3.889802e+00
2.087500e+01  3.945077e+00
2.090000e+01  3.999412e+00
2.092500e+01  4.052774e+00
2.095000e+01  4.105130e+00
2.097500e+01  4.156447e+00
2.100000e+01  4.206696e+00
2.102500e+01  4.255846e+00
2.105000e+01  4.303867e+00
2.107500e+01  4.350730e+00
2.110000e+01  4.396408e+00
2.112500e+01  4.440873e+00
2.115000e+01  4.484100e+00
2.117500e+01  4.526062e+00
2.120000e+01  4.566736e+00
2.122500e+01  4.606098e+00
2.125000e+01  4.644124e+00
2.127500e+01  4.680793e+00
2.130000e+01  4.716085e+00
2.132500e+01  4.749979e+00
2.135000e+01  4.782456e+00
2.137500e+01  4.813497e+00
2.140000e+01  4.843087e+00
2.142500e+01  4.871208e+00
2.145000e+01  4.897845e+00
2.147500e+01  4.922984e+00
2.150000e+01  4.946611e+00
2.152500e+01  4.968715e+00
2.155000e+01  4.989284e+00
2.157500e+01  5.008307e+00
2.160000e+01  5.025775e+00
2.162500e+01  5.041680e+00
2.165000e+01  5.056015e+00
2.167500e+01  5.068772e+00
2.170000e+01  5.079946e+00
2.172500e+01  5.089534e+00
2.175000e+01  5.097531e+00
2.177500e+01  5.103936e+00
2.180000e+01  5.108746e+00
2.182500e+01  5.111962e+00
2.185000e+01  5.113583e+00
2.187500e+01  5.113612e+00
2.190000e+01  5.112051e+00
2.192500e+01  5.108903e+00
2.195000e+01  5.104174e+00
2.197500e+01  5.097867e+00
2.200000e+01  5.089990e+00
2.202500e+01  5.080550e+00
2.205000e+01  5.069556e+00
2.207500e+01  5.057016e+00
2.210000e+01  5.042941e+00
2.212500e+01  5.027341e+00
2.215000e+01  5.010230e+00
2.217500e+01  4.991618e+00
2.220000e+01  4.971522e+00
2.222500e+01  4.949954e+00
2.225000e+01  4.926930e+00
2.227500e+01  4.902468e+00
2.230000e+01  4.876583e+00
2.232500e+01  4.849295e+00
2.235000e+01  4.820622e+00
2.237500e+01  4.790583e+00
2.240000e+01  4.759199e+00
2.242500e+01  4.726491e+00
2.245000e+01  4.692481e+00
2.247500e+01  4.657192e+00
2.250000e+01  4.620648e+00
2.252500e+01  4.582871e+00
2.255000e+01  4.543888e+00
2.257500e+01  4.503724e+00
2.260000e+01  4.462404e+00
2.262500e+01  4.419956e+00
2.265000e+01  4.376407e+00
2.267500e+01  4.331784e+00
2.270000e+01  4.286118e+00
2.272500e+01  4.239436e+00
2.275000e+01  4.191768e+00
2.277500e+01  4.143145e+00
2.280000e+01  4.093598e+00
2.282500e+01  4.043157e+00
2.285000e+01  3.991854e+00
2.287500e+01  3.939721e+00
2.290000e+01  3.886791e+00
2.292500e+01  3.833097e+00
2.295000e+01  3.778672e+00
2.297500e+01  3.723549e+00
2.300000e+01  3.667763e+00
2.302500e+01  3.611349e+00
2.305000e+01  3.554339e+00
2.307500e+01  3.496771e+00
2.310000e+01  3.438677e+00
2.312500e+01  3.380095e+00
2.315000e+01  3.321059e+00
2.317500e+01  3.261606e+00
2.320000e+01  3.201770e+00
2.322500e+01  3.141589e+00
2.325000e+01  3.081097e+00
2.327500e+01  3.020333e+00
2.330000e+01  2.959331e+00
2.332500e+01  2.898128e+00
2.335000e+01  2.836761e+00
2.337500e+01  2.775265e+00
2.340000e+01  2.713678e+00
2.342500e+01  2.652035e+00
2.345000e+01  2.590373e+00
2.347500e+01  2.528728e+00
2.350000e+01  2.467135e+00
2.352500e+01  2.405632e+00
2.355000e+01  2.344253e+00
2.357500e+01  2.283035e+00
2.360000e+01  2.222012e+00
2.362500e+01  2.161219e+00
2.365000e+01  2.100693e+00
2.367500e+01  2.040467e+00
2.370000e+01  1.980576e+00
2.372500e+01  1.921053e+00
2.375000e+01  1.861934e+00
2.377500e+01  1.803251e+00
2.380000e+01  1.745036e+00
2.382500e+01  1.687324e+00
2.385000e+01  1.630146e+00
2.387500e+01  1.573535e+00
2.390000e+01  1.517521e+00
2.392500e+01  1.462136e+00
2.395000e+01  1.407410e+00
2.397500e+01  1.353373e+00
2.400000e+01  1.300055e+00
2.402500e+01  1.247486e+00
2.405000e+01  1.195692e+00
2.407500e+01  1.144703e+00
2.410000e+01  1.094546e+00
2.412500e+01  1.045248e+00
2.415000e+01  9.968338e-01
2.417500e+01  9.493304e-01
2.420000e+01  9.027624e-01
2.422500e+01  8.571541e-01
2.425000e+01  8.125292e-01
2.427500e+01  7.689106e-01
2.430000e+01  7.263206e-01
2.432500e+01  6.847811e-01
2.435000e+01  6.443128e-01
2.437500e+01  6.049359e-01
2.440000e+01  5.666701e-01
2.442500e+01  5.295341e-01
2.445000e+01  4.935458e-01
2.447500e+01  4.587226e-01
2.450000e+01  4.250809e-01
2.452500e+01  3.926366e-01
2.455000e+01  3.614046e-01
2.457500e+01  3.313990e-01
2.460000e+01  3.026333e-01
2.462500e+01  2.751201e-01
2.465000e+01  2.488711e-01
2.467500e+01  2.238975e-01
2.470000e+01  2.002092e-01
2.472500e+01  1.778158e-01
2.475000e+01  1.567257e-01
2.477500e+01  1.369468e-01
2.480000e+01  1.184858e-01
2.482500e+01  1.013489e-01
2.485000e+01  8.554128e-02
2.487500e+01  7.106741e-02
2.490000e+01  5.793086e-02
2.492500e+01  4.613439e-02
2.495000e+01  3.567993e-02
2.497500e+01  2.656857e-02
